# size in redshift 20 - size in energy 101
# z - log[eps/eV] - log[n/(1/eV/m3)] - log[I_gamma/(1/eV2/m3)]
  0.00, -7.907e+00,  1.668e-01,  1.036e+01
  0.00, -7.782e+00,  3.563e-01,  1.036e+01
  0.00, -7.606e+00,  8.339e-01,  1.036e+01
  0.00, -7.509e+00,  1.149e+00,  1.035e+01
  0.00, -7.384e+00,  1.567e+00,  1.035e+01
  0.00, -7.208e+00,  2.132e+00,  1.034e+01
  0.00, -7.083e+00,  2.495e+00,  1.032e+01
  0.00, -7.021e+00,  2.660e+00,  1.031e+01
  0.00, -6.999e+00,  2.716e+00,  1.030e+01
  0.00, -6.976e+00,  2.773e+00,  1.030e+01
  0.00, -6.952e+00,  2.830e+00,  1.029e+01
  0.00, -6.927e+00,  2.889e+00,  1.028e+01
  0.00, -6.899e+00,  2.951e+00,  1.027e+01
  0.00, -6.870e+00,  3.013e+00,  1.026e+01
  0.00, -6.839e+00,  3.076e+00,  1.025e+01
  0.00, -6.806e+00,  3.139e+00,  1.023e+01
  0.00, -6.769e+00,  3.207e+00,  1.021e+01
  0.00, -6.730e+00,  3.273e+00,  1.019e+01
  0.00, -6.621e+00,  3.432e+00,  1.010e+01
  0.00, -6.512e+00,  3.549e+00,  9.990e+00
  0.00, -6.404e+00,  3.621e+00,  9.845e+00
  0.00, -6.296e+00,  3.641e+00,  9.662e+00
  0.00, -6.188e+00,  3.606e+00,  9.438e+00
  0.00, -6.077e+00,  3.511e+00,  9.165e+00
  0.00, -5.971e+00,  3.365e+00,  8.870e+00
  0.00, -5.861e+00,  3.168e+00,  8.538e+00
  0.00, -5.753e+00,  2.945e+00,  8.199e+00
  0.00, -5.644e+00,  2.697e+00,  7.859e+00
  0.00, -5.535e+00,  2.438e+00,  7.548e+00
  0.00, -5.427e+00,  2.199e+00,  7.283e+00
  0.00, -5.384e+00,  2.121e+00,  7.192e+00
  0.00, -5.319e+00,  2.023e+00,  7.063e+00
  0.00, -5.249e+00,  1.941e+00,  6.935e+00
  0.00, -5.208e+00,  1.900e+00,  6.861e+00
  0.00, -5.073e+00,  1.760e+00,  6.638e+00
  0.00, -4.969e+00,  1.652e+00,  6.480e+00
  0.00, -4.954e+00,  1.625e+00,  6.460e+00
  0.00, -4.925e+00,  1.600e+00,  6.422e+00
  0.00, -4.884e+00,  1.581e+00,  6.372e+00
  0.00, -4.834e+00,  1.549e+00,  6.310e+00
  0.00, -4.788e+00,  1.488e+00,  6.259e+00
  0.00, -4.726e+00,  1.458e+00,  6.197e+00
  0.00, -4.685e+00,  1.453e+00,  6.159e+00
  0.00, -4.637e+00,  1.475e+00,  6.111e+00
  0.00, -4.577e+00,  1.508e+00,  6.049e+00
  0.00, -4.478e+00,  1.561e+00,  5.932e+00
  0.00, -4.463e+00,  1.568e+00,  5.912e+00
  0.00, -4.451e+00,  1.573e+00,  5.896e+00
  0.00, -4.432e+00,  1.580e+00,  5.870e+00
  0.00, -4.426e+00,  1.582e+00,  5.862e+00
  0.00, -4.419e+00,  1.584e+00,  5.852e+00
  0.00, -4.417e+00,  1.585e+00,  5.849e+00
  0.00, -4.412e+00,  1.586e+00,  5.842e+00
  0.00, -4.356e+00,  1.599e+00,  5.758e+00
  0.00, -4.338e+00,  1.601e+00,  5.730e+00
  0.00, -4.295e+00,  1.604e+00,  5.657e+00
  0.00, -4.234e+00,  1.594e+00,  5.546e+00
  0.00, -4.233e+00,  1.594e+00,  5.544e+00
  0.00, -4.172e+00,  1.566e+00,  5.422e+00
  0.00, -4.124e+00,  1.535e+00,  5.320e+00
  0.00, -4.111e+00,  1.525e+00,  5.291e+00
  0.00, -4.050e+00,  1.474e+00,  5.153e+00
  0.00, -4.014e+00,  1.440e+00,  5.066e+00
  0.00, -3.989e+00,  1.415e+00,  5.004e+00
  0.00, -3.927e+00,  1.343e+00,  4.844e+00
  0.00, -3.907e+00,  1.316e+00,  4.790e+00
  0.00, -3.866e+00,  1.255e+00,  4.678e+00
  0.00, -3.805e+00,  1.160e+00,  4.506e+00
  0.00, -3.782e+00,  1.123e+00,  4.439e+00
  0.00, -3.744e+00,  1.057e+00,  4.327e+00
  0.00, -3.683e+00,  9.408e-01,  4.143e+00
  0.00, -3.670e+00,  9.146e-01,  4.104e+00
  0.00, -3.621e+00,  8.200e-01,  3.956e+00
  0.00, -3.560e+00,  6.914e-01,  3.769e+00
  0.00, -3.499e+00,  5.579e-01,  3.587e+00
  0.00, -3.438e+00,  4.444e-01,  3.407e+00
  0.00, -3.376e+00,  3.378e-01,  3.218e+00
  0.00, -3.315e+00,  2.288e-01,  3.021e+00
  0.00, -3.254e+00,  1.128e-01,  2.811e+00
  0.00, -3.193e+00, -1.276e-02,  2.581e+00
  0.00, -3.131e+00, -1.579e-01,  2.318e+00
  0.00, -3.070e+00, -3.345e-01,  2.023e+00
  0.00, -3.009e+00, -5.516e-01,  1.688e+00
  0.00, -2.948e+00, -8.416e-01,  1.310e+00
  0.00, -2.887e+00, -1.230e+00,  9.704e-01
  0.00, -2.825e+00, -1.511e+00,  6.960e-01
  0.00, -2.764e+00, -1.683e+00,  4.341e-01
  0.00, -2.703e+00, -1.876e+00,  1.557e-01
  0.00, -2.642e+00, -2.087e+00, -1.372e-01
  0.00, -2.580e+00, -2.309e+00, -4.526e-01
  0.00, -2.519e+00, -2.541e+00, -7.947e-01
  0.00, -2.458e+00, -2.810e+00, -1.176e+00
  0.00, -2.397e+00, -3.111e+00, -1.624e+00
  0.00, -2.336e+00, -3.523e+00, -2.175e+00
  0.00, -2.274e+00, -4.131e+00, -2.727e+00
  0.00, -2.213e+00, -4.565e+00, -3.133e+00
  0.00, -2.152e+00, -4.838e+00, -3.530e+00
  0.00, -2.091e+00, -5.170e+00, -3.990e+00
  0.00, -2.029e+00, -5.586e+00, -4.536e+00
  0.00, -1.968e+00, -6.033e+00, -5.217e+00
  0.00, -1.907e+00, -8.303e+00, -2.000e+01
  0.01, -7.907e+00,  1.714e-01,  1.036e+01
  0.01, -7.782e+00,  3.581e-01,  1.036e+01
  0.01, -7.606e+00,  8.334e-01,  1.036e+01
  0.01, -7.509e+00,  1.148e+00,  1.036e+01
  0.01, -7.384e+00,  1.566e+00,  1.036e+01
  0.01, -7.208e+00,  2.132e+00,  1.034e+01
  0.01, -7.083e+00,  2.496e+00,  1.033e+01
  0.01, -7.021e+00,  2.661e+00,  1.031e+01
  0.01, -6.999e+00,  2.717e+00,  1.031e+01
  0.01, -6.976e+00,  2.774e+00,  1.030e+01
  0.01, -6.952e+00,  2.832e+00,  1.030e+01
  0.01, -6.927e+00,  2.890e+00,  1.029e+01
  0.01, -6.899e+00,  2.953e+00,  1.028e+01
  0.01, -6.870e+00,  3.015e+00,  1.027e+01
  0.01, -6.839e+00,  3.078e+00,  1.025e+01
  0.01, -6.806e+00,  3.142e+00,  1.024e+01
  0.01, -6.769e+00,  3.210e+00,  1.022e+01
  0.01, -6.730e+00,  3.277e+00,  1.019e+01
  0.01, -6.621e+00,  3.437e+00,  1.011e+01
  0.01, -6.512e+00,  3.554e+00,  9.997e+00
  0.01, -6.404e+00,  3.627e+00,  9.853e+00
  0.01, -6.296e+00,  3.648e+00,  9.671e+00
  0.01, -6.188e+00,  3.614e+00,  9.448e+00
  0.01, -6.077e+00,  3.520e+00,  9.175e+00
  0.01, -5.971e+00,  3.375e+00,  8.880e+00
  0.01, -5.861e+00,  3.179e+00,  8.548e+00
  0.01, -5.753e+00,  2.955e+00,  8.209e+00
  0.01, -5.644e+00,  2.707e+00,  7.869e+00
  0.01, -5.535e+00,  2.448e+00,  7.557e+00
  0.01, -5.427e+00,  2.208e+00,  7.291e+00
  0.01, -5.384e+00,  2.130e+00,  7.200e+00
  0.01, -5.319e+00,  2.032e+00,  7.071e+00
  0.01, -5.249e+00,  1.949e+00,  6.942e+00
  0.01, -5.208e+00,  1.908e+00,  6.869e+00
  0.01, -5.073e+00,  1.769e+00,  6.645e+00
  0.01, -4.969e+00,  1.661e+00,  6.486e+00
  0.01, -4.954e+00,  1.633e+00,  6.466e+00
  0.01, -4.925e+00,  1.608e+00,  6.428e+00
  0.01, -4.884e+00,  1.588e+00,  6.378e+00
  0.01, -4.834e+00,  1.556e+00,  6.316e+00
  0.01, -4.788e+00,  1.494e+00,  6.265e+00
  0.01, -4.726e+00,  1.463e+00,  6.203e+00
  0.01, -4.685e+00,  1.458e+00,  6.165e+00
  0.01, -4.637e+00,  1.480e+00,  6.117e+00
  0.01, -4.577e+00,  1.513e+00,  6.055e+00
  0.01, -4.478e+00,  1.567e+00,  5.938e+00
  0.01, -4.463e+00,  1.573e+00,  5.919e+00
  0.01, -4.451e+00,  1.578e+00,  5.903e+00
  0.01, -4.432e+00,  1.585e+00,  5.877e+00
  0.01, -4.426e+00,  1.587e+00,  5.869e+00
  0.01, -4.419e+00,  1.590e+00,  5.859e+00
  0.01, -4.417e+00,  1.591e+00,  5.856e+00
  0.01, -4.412e+00,  1.592e+00,  5.849e+00
  0.01, -4.356e+00,  1.605e+00,  5.765e+00
  0.01, -4.338e+00,  1.607e+00,  5.736e+00
  0.01, -4.295e+00,  1.610e+00,  5.664e+00
  0.01, -4.234e+00,  1.600e+00,  5.553e+00
  0.01, -4.233e+00,  1.600e+00,  5.551e+00
  0.01, -4.172e+00,  1.573e+00,  5.429e+00
  0.01, -4.124e+00,  1.542e+00,  5.327e+00
  0.01, -4.111e+00,  1.532e+00,  5.299e+00
  0.01, -4.050e+00,  1.481e+00,  5.160e+00
  0.01, -4.014e+00,  1.448e+00,  5.074e+00
  0.01, -3.989e+00,  1.423e+00,  5.012e+00
  0.01, -3.927e+00,  1.350e+00,  4.852e+00
  0.01, -3.907e+00,  1.323e+00,  4.798e+00
  0.01, -3.866e+00,  1.263e+00,  4.686e+00
  0.01, -3.805e+00,  1.168e+00,  4.514e+00
  0.01, -3.782e+00,  1.131e+00,  4.448e+00
  0.01, -3.744e+00,  1.066e+00,  4.336e+00
  0.01, -3.683e+00,  9.494e-01,  4.153e+00
  0.01, -3.670e+00,  9.232e-01,  4.114e+00
  0.01, -3.621e+00,  8.287e-01,  3.965e+00
  0.01, -3.560e+00,  7.005e-01,  3.779e+00
  0.01, -3.499e+00,  5.673e-01,  3.598e+00
  0.01, -3.438e+00,  4.542e-01,  3.418e+00
  0.01, -3.376e+00,  3.480e-01,  3.229e+00
  0.01, -3.315e+00,  2.394e-01,  3.032e+00
  0.01, -3.254e+00,  1.235e-01,  2.821e+00
  0.01, -3.193e+00, -2.124e-03,  2.591e+00
  0.01, -3.131e+00, -1.471e-01,  2.329e+00
  0.01, -3.070e+00, -3.235e-01,  2.034e+00
  0.01, -3.009e+00, -5.403e-01,  1.699e+00
  0.01, -2.948e+00, -8.306e-01,  1.321e+00
  0.01, -2.887e+00, -1.219e+00,  9.813e-01
  0.01, -2.825e+00, -1.500e+00,  7.068e-01
  0.01, -2.764e+00, -1.672e+00,  4.451e-01
  0.01, -2.703e+00, -1.865e+00,  1.668e-01
  0.01, -2.642e+00, -2.076e+00, -1.261e-01
  0.01, -2.580e+00, -2.297e+00, -4.416e-01
  0.01, -2.519e+00, -2.530e+00, -7.837e-01
  0.01, -2.458e+00, -2.799e+00, -1.165e+00
  0.01, -2.397e+00, -3.100e+00, -1.614e+00
  0.01, -2.336e+00, -3.514e+00, -2.166e+00
  0.01, -2.274e+00, -4.122e+00, -2.718e+00
  0.01, -2.213e+00, -4.556e+00, -3.125e+00
  0.01, -2.152e+00, -4.829e+00, -3.521e+00
  0.01, -2.091e+00, -5.161e+00, -3.981e+00
  0.01, -2.029e+00, -5.577e+00, -4.530e+00
  0.01, -1.968e+00, -6.029e+00, -5.212e+00
  0.01, -1.907e+00, -8.145e+00, -2.000e+01
  0.03, -7.907e+00,  1.788e-01,  1.037e+01
  0.03, -7.782e+00,  3.611e-01,  1.037e+01
  0.03, -7.606e+00,  8.326e-01,  1.037e+01
  0.03, -7.509e+00,  1.147e+00,  1.037e+01
  0.03, -7.384e+00,  1.565e+00,  1.036e+01
  0.03, -7.208e+00,  2.131e+00,  1.035e+01
  0.03, -7.083e+00,  2.497e+00,  1.034e+01
  0.03, -7.021e+00,  2.663e+00,  1.032e+01
  0.03, -6.999e+00,  2.719e+00,  1.032e+01
  0.03, -6.976e+00,  2.776e+00,  1.031e+01
  0.03, -6.952e+00,  2.835e+00,  1.030e+01
  0.03, -6.927e+00,  2.893e+00,  1.030e+01
  0.03, -6.899e+00,  2.956e+00,  1.029e+01
  0.03, -6.870e+00,  3.019e+00,  1.028e+01
  0.03, -6.839e+00,  3.083e+00,  1.026e+01
  0.03, -6.806e+00,  3.147e+00,  1.025e+01
  0.03, -6.769e+00,  3.215e+00,  1.023e+01
  0.03, -6.730e+00,  3.282e+00,  1.020e+01
  0.03, -6.621e+00,  3.444e+00,  1.012e+01
  0.03, -6.512e+00,  3.563e+00,  1.001e+01
  0.03, -6.404e+00,  3.637e+00,  9.866e+00
  0.03, -6.296e+00,  3.660e+00,  9.685e+00
  0.03, -6.188e+00,  3.628e+00,  9.462e+00
  0.03, -6.077e+00,  3.535e+00,  9.191e+00
  0.03, -5.971e+00,  3.390e+00,  8.896e+00
  0.03, -5.861e+00,  3.195e+00,  8.564e+00
  0.03, -5.753e+00,  2.971e+00,  8.224e+00
  0.03, -5.644e+00,  2.723e+00,  7.884e+00
  0.03, -5.535e+00,  2.463e+00,  7.571e+00
  0.03, -5.427e+00,  2.222e+00,  7.304e+00
  0.03, -5.384e+00,  2.143e+00,  7.212e+00
  0.03, -5.319e+00,  2.045e+00,  7.084e+00
  0.03, -5.249e+00,  1.962e+00,  6.955e+00
  0.03, -5.208e+00,  1.921e+00,  6.881e+00
  0.03, -5.073e+00,  1.782e+00,  6.656e+00
  0.03, -4.969e+00,  1.673e+00,  6.496e+00
  0.03, -4.954e+00,  1.646e+00,  6.477e+00
  0.03, -4.925e+00,  1.621e+00,  6.438e+00
  0.03, -4.884e+00,  1.601e+00,  6.388e+00
  0.03, -4.834e+00,  1.567e+00,  6.325e+00
  0.03, -4.788e+00,  1.503e+00,  6.274e+00
  0.03, -4.726e+00,  1.472e+00,  6.212e+00
  0.03, -4.685e+00,  1.466e+00,  6.174e+00
  0.03, -4.637e+00,  1.488e+00,  6.127e+00
  0.03, -4.577e+00,  1.521e+00,  6.065e+00
  0.03, -4.478e+00,  1.576e+00,  5.948e+00
  0.03, -4.463e+00,  1.582e+00,  5.929e+00
  0.03, -4.451e+00,  1.587e+00,  5.913e+00
  0.03, -4.432e+00,  1.594e+00,  5.887e+00
  0.03, -4.426e+00,  1.597e+00,  5.879e+00
  0.03, -4.419e+00,  1.599e+00,  5.869e+00
  0.03, -4.417e+00,  1.600e+00,  5.866e+00
  0.03, -4.412e+00,  1.601e+00,  5.859e+00
  0.03, -4.356e+00,  1.615e+00,  5.776e+00
  0.03, -4.338e+00,  1.617e+00,  5.747e+00
  0.03, -4.295e+00,  1.620e+00,  5.675e+00
  0.03, -4.234e+00,  1.611e+00,  5.564e+00
  0.03, -4.233e+00,  1.610e+00,  5.562e+00
  0.03, -4.172e+00,  1.583e+00,  5.441e+00
  0.03, -4.124e+00,  1.552e+00,  5.339e+00
  0.03, -4.111e+00,  1.542e+00,  5.311e+00
  0.03, -4.050e+00,  1.492e+00,  5.172e+00
  0.03, -4.014e+00,  1.459e+00,  5.087e+00
  0.03, -3.989e+00,  1.434e+00,  5.025e+00
  0.03, -3.927e+00,  1.362e+00,  4.865e+00
  0.03, -3.907e+00,  1.335e+00,  4.811e+00
  0.03, -3.866e+00,  1.275e+00,  4.700e+00
  0.03, -3.805e+00,  1.180e+00,  4.528e+00
  0.03, -3.782e+00,  1.143e+00,  4.461e+00
  0.03, -3.744e+00,  1.079e+00,  4.350e+00
  0.03, -3.683e+00,  9.626e-01,  4.167e+00
  0.03, -3.670e+00,  9.365e-01,  4.128e+00
  0.03, -3.621e+00,  8.422e-01,  3.980e+00
  0.03, -3.560e+00,  7.144e-01,  3.795e+00
  0.03, -3.499e+00,  5.821e-01,  3.614e+00
  0.03, -3.438e+00,  4.701e-01,  3.434e+00
  0.03, -3.376e+00,  3.645e-01,  3.246e+00
  0.03, -3.315e+00,  2.566e-01,  3.049e+00
  0.03, -3.254e+00,  1.408e-01,  2.838e+00
  0.03, -3.193e+00,  1.492e-02,  2.608e+00
  0.03, -3.131e+00, -1.300e-01,  2.346e+00
  0.03, -3.070e+00, -3.063e-01,  2.051e+00
  0.03, -3.009e+00, -5.229e-01,  1.715e+00
  0.03, -2.948e+00, -8.151e-01,  1.337e+00
  0.03, -2.887e+00, -1.205e+00,  9.979e-01
  0.03, -2.825e+00, -1.483e+00,  7.241e-01
  0.03, -2.764e+00, -1.655e+00,  4.624e-01
  0.03, -2.703e+00, -1.848e+00,  1.842e-01
  0.03, -2.642e+00, -2.058e+00, -1.086e-01
  0.03, -2.580e+00, -2.280e+00, -4.243e-01
  0.03, -2.519e+00, -2.513e+00, -7.663e-01
  0.03, -2.458e+00, -2.781e+00, -1.148e+00
  0.03, -2.397e+00, -3.083e+00, -1.598e+00
  0.03, -2.336e+00, -3.498e+00, -2.153e+00
  0.03, -2.274e+00, -4.110e+00, -2.706e+00
  0.03, -2.213e+00, -4.543e+00, -3.113e+00
  0.03, -2.152e+00, -4.817e+00, -3.510e+00
  0.03, -2.091e+00, -5.150e+00, -3.971e+00
  0.03, -2.029e+00, -5.566e+00, -4.522e+00
  0.03, -1.968e+00, -6.024e+00, -5.210e+00
  0.03, -1.907e+00, -2.000e+01, -2.000e+01
  0.04, -7.907e+00,  1.937e-01,  1.039e+01
  0.04, -7.782e+00,  3.675e-01,  1.038e+01
  0.04, -7.606e+00,  8.314e-01,  1.038e+01
  0.04, -7.509e+00,  1.144e+00,  1.038e+01
  0.04, -7.384e+00,  1.562e+00,  1.038e+01
  0.04, -7.208e+00,  2.131e+00,  1.037e+01
  0.04, -7.083e+00,  2.499e+00,  1.035e+01
  0.04, -7.021e+00,  2.666e+00,  1.034e+01
  0.04, -6.999e+00,  2.723e+00,  1.033e+01
  0.04, -6.976e+00,  2.780e+00,  1.033e+01
  0.04, -6.952e+00,  2.839e+00,  1.032e+01
  0.04, -6.927e+00,  2.899e+00,  1.031e+01
  0.04, -6.899e+00,  2.963e+00,  1.030e+01
  0.04, -6.870e+00,  3.026e+00,  1.029e+01
  0.04, -6.839e+00,  3.090e+00,  1.028e+01
  0.04, -6.806e+00,  3.155e+00,  1.026e+01
  0.04, -6.769e+00,  3.224e+00,  1.025e+01
  0.04, -6.730e+00,  3.292e+00,  1.022e+01
  0.04, -6.621e+00,  3.457e+00,  1.014e+01
  0.04, -6.512e+00,  3.579e+00,  1.003e+01
  0.04, -6.404e+00,  3.656e+00,  9.891e+00
  0.04, -6.296e+00,  3.683e+00,  9.712e+00
  0.04, -6.188e+00,  3.653e+00,  9.491e+00
  0.04, -6.077e+00,  3.563e+00,  9.221e+00
  0.04, -5.971e+00,  3.421e+00,  8.928e+00
  0.04, -5.861e+00,  3.227e+00,  8.596e+00
  0.04, -5.753e+00,  3.004e+00,  8.256e+00
  0.04, -5.644e+00,  2.755e+00,  7.913e+00
  0.04, -5.535e+00,  2.494e+00,  7.598e+00
  0.04, -5.427e+00,  2.250e+00,  7.330e+00
  0.04, -5.384e+00,  2.171e+00,  7.238e+00
  0.04, -5.319e+00,  2.071e+00,  7.109e+00
  0.04, -5.249e+00,  1.988e+00,  6.979e+00
  0.04, -5.208e+00,  1.947e+00,  6.905e+00
  0.04, -5.073e+00,  1.809e+00,  6.679e+00
  0.04, -4.969e+00,  1.699e+00,  6.517e+00
  0.04, -4.954e+00,  1.672e+00,  6.497e+00
  0.04, -4.925e+00,  1.646e+00,  6.458e+00
  0.04, -4.884e+00,  1.624e+00,  6.407e+00
  0.04, -4.834e+00,  1.590e+00,  6.344e+00
  0.04, -4.788e+00,  1.523e+00,  6.292e+00
  0.04, -4.726e+00,  1.489e+00,  6.230e+00
  0.04, -4.685e+00,  1.482e+00,  6.192e+00
  0.04, -4.637e+00,  1.503e+00,  6.145e+00
  0.04, -4.577e+00,  1.537e+00,  6.084e+00
  0.04, -4.478e+00,  1.592e+00,  5.968e+00
  0.04, -4.463e+00,  1.599e+00,  5.949e+00
  0.04, -4.451e+00,  1.604e+00,  5.933e+00
  0.04, -4.432e+00,  1.612e+00,  5.908e+00
  0.04, -4.426e+00,  1.614e+00,  5.899e+00
  0.04, -4.419e+00,  1.617e+00,  5.890e+00
  0.04, -4.417e+00,  1.617e+00,  5.887e+00
  0.04, -4.412e+00,  1.619e+00,  5.880e+00
  0.04, -4.356e+00,  1.633e+00,  5.797e+00
  0.04, -4.338e+00,  1.636e+00,  5.768e+00
  0.04, -4.295e+00,  1.639e+00,  5.697e+00
  0.04, -4.234e+00,  1.631e+00,  5.586e+00
  0.04, -4.233e+00,  1.630e+00,  5.584e+00
  0.04, -4.172e+00,  1.604e+00,  5.464e+00
  0.04, -4.124e+00,  1.573e+00,  5.363e+00
  0.04, -4.111e+00,  1.564e+00,  5.334e+00
  0.04, -4.050e+00,  1.514e+00,  5.197e+00
  0.04, -4.014e+00,  1.482e+00,  5.111e+00
  0.04, -3.989e+00,  1.457e+00,  5.050e+00
  0.04, -3.927e+00,  1.386e+00,  4.891e+00
  0.04, -3.907e+00,  1.359e+00,  4.837e+00
  0.04, -3.866e+00,  1.300e+00,  4.726e+00
  0.04, -3.805e+00,  1.206e+00,  4.555e+00
  0.04, -3.782e+00,  1.169e+00,  4.489e+00
  0.04, -3.744e+00,  1.105e+00,  4.378e+00
  0.04, -3.683e+00,  9.896e-01,  4.196e+00
  0.04, -3.670e+00,  9.635e-01,  4.157e+00
  0.04, -3.621e+00,  8.694e-01,  4.010e+00
  0.04, -3.560e+00,  7.429e-01,  3.825e+00
  0.04, -3.499e+00,  6.114e-01,  3.646e+00
  0.04, -3.438e+00,  5.009e-01,  3.467e+00
  0.04, -3.376e+00,  3.964e-01,  3.279e+00
  0.04, -3.315e+00,  2.897e-01,  3.083e+00
  0.04, -3.254e+00,  1.745e-01,  2.873e+00
  0.04, -3.193e+00,  4.851e-02,  2.643e+00
  0.04, -3.131e+00, -9.581e-02,  2.381e+00
  0.04, -3.070e+00, -2.709e-01,  2.088e+00
  0.04, -3.009e+00, -4.862e-01,  1.753e+00
  0.04, -2.948e+00, -7.774e-01,  1.374e+00
  0.04, -2.887e+00, -1.167e+00,  1.034e+00
  0.04, -2.825e+00, -1.448e+00,  7.595e-01
  0.04, -2.764e+00, -1.620e+00,  4.983e-01
  0.04, -2.703e+00, -1.812e+00,  2.206e-01
  0.04, -2.642e+00, -2.022e+00, -7.181e-02
  0.04, -2.580e+00, -2.243e+00, -3.873e-01
  0.04, -2.519e+00, -2.476e+00, -7.285e-01
  0.04, -2.458e+00, -2.743e+00, -1.110e+00
  0.04, -2.397e+00, -3.045e+00, -1.559e+00
  0.04, -2.336e+00, -3.457e+00, -2.114e+00
  0.04, -2.274e+00, -4.073e+00, -2.671e+00
  0.04, -2.213e+00, -4.511e+00, -3.078e+00
  0.04, -2.152e+00, -4.783e+00, -3.473e+00
  0.04, -2.091e+00, -5.112e+00, -3.930e+00
  0.04, -2.029e+00, -5.522e+00, -4.479e+00
  0.04, -1.968e+00, -5.982e+00, -5.167e+00
  0.04, -1.907e+00, -8.403e+00, -2.000e+01
  0.05, -7.907e+00,  1.982e-01,  1.039e+01
  0.05, -7.782e+00,  3.695e-01,  1.039e+01
  0.05, -7.606e+00,  8.310e-01,  1.039e+01
  0.05, -7.509e+00,  1.143e+00,  1.039e+01
  0.05, -7.384e+00,  1.561e+00,  1.038e+01
  0.05, -7.208e+00,  2.130e+00,  1.037e+01
  0.05, -7.083e+00,  2.499e+00,  1.036e+01
  0.05, -7.021e+00,  2.667e+00,  1.034e+01
  0.05, -6.999e+00,  2.724e+00,  1.034e+01
  0.05, -6.976e+00,  2.782e+00,  1.033e+01
  0.05, -6.952e+00,  2.841e+00,  1.033e+01
  0.05, -6.927e+00,  2.900e+00,  1.032e+01
  0.05, -6.899e+00,  2.964e+00,  1.031e+01
  0.05, -6.870e+00,  3.028e+00,  1.030e+01
  0.05, -6.839e+00,  3.093e+00,  1.029e+01
  0.05, -6.806e+00,  3.158e+00,  1.027e+01
  0.05, -6.769e+00,  3.227e+00,  1.025e+01
  0.05, -6.730e+00,  3.296e+00,  1.023e+01
  0.05, -6.621e+00,  3.461e+00,  1.015e+01
  0.05, -6.512e+00,  3.584e+00,  1.004e+01
  0.05, -6.404e+00,  3.662e+00,  9.899e+00
  0.05, -6.296e+00,  3.690e+00,  9.720e+00
  0.05, -6.188e+00,  3.661e+00,  9.500e+00
  0.05, -6.077e+00,  3.572e+00,  9.230e+00
  0.05, -5.971e+00,  3.430e+00,  8.937e+00
  0.05, -5.861e+00,  3.237e+00,  8.605e+00
  0.05, -5.753e+00,  3.014e+00,  8.265e+00
  0.05, -5.644e+00,  2.765e+00,  7.922e+00
  0.05, -5.535e+00,  2.503e+00,  7.606e+00
  0.05, -5.427e+00,  2.258e+00,  7.337e+00
  0.05, -5.384e+00,  2.178e+00,  7.245e+00
  0.05, -5.319e+00,  2.079e+00,  7.116e+00
  0.05, -5.249e+00,  1.996e+00,  6.986e+00
  0.05, -5.208e+00,  1.955e+00,  6.912e+00
  0.05, -5.073e+00,  1.817e+00,  6.685e+00
  0.05, -4.969e+00,  1.707e+00,  6.523e+00
  0.05, -4.954e+00,  1.679e+00,  6.503e+00
  0.05, -4.925e+00,  1.654e+00,  6.463e+00
  0.05, -4.884e+00,  1.632e+00,  6.413e+00
  0.05, -4.834e+00,  1.597e+00,  6.349e+00
  0.05, -4.788e+00,  1.528e+00,  6.298e+00
  0.05, -4.726e+00,  1.494e+00,  6.236e+00
  0.05, -4.685e+00,  1.486e+00,  6.198e+00
  0.05, -4.637e+00,  1.508e+00,  6.151e+00
  0.05, -4.577e+00,  1.542e+00,  6.090e+00
  0.05, -4.478e+00,  1.597e+00,  5.974e+00
  0.05, -4.463e+00,  1.604e+00,  5.955e+00
  0.05, -4.451e+00,  1.609e+00,  5.939e+00
  0.05, -4.432e+00,  1.617e+00,  5.914e+00
  0.05, -4.426e+00,  1.619e+00,  5.905e+00
  0.05, -4.419e+00,  1.622e+00,  5.896e+00
  0.05, -4.417e+00,  1.623e+00,  5.893e+00
  0.05, -4.412e+00,  1.624e+00,  5.886e+00
  0.05, -4.356e+00,  1.638e+00,  5.803e+00
  0.05, -4.338e+00,  1.641e+00,  5.775e+00
  0.05, -4.295e+00,  1.645e+00,  5.703e+00
  0.05, -4.234e+00,  1.636e+00,  5.593e+00
  0.05, -4.233e+00,  1.636e+00,  5.591e+00
  0.05, -4.172e+00,  1.610e+00,  5.470e+00
  0.05, -4.124e+00,  1.579e+00,  5.369e+00
  0.05, -4.111e+00,  1.570e+00,  5.341e+00
  0.05, -4.050e+00,  1.521e+00,  5.204e+00
  0.05, -4.014e+00,  1.488e+00,  5.118e+00
  0.05, -3.989e+00,  1.464e+00,  5.057e+00
  0.05, -3.927e+00,  1.392e+00,  4.898e+00
  0.05, -3.907e+00,  1.366e+00,  4.845e+00
  0.05, -3.866e+00,  1.307e+00,  4.733e+00
  0.05, -3.805e+00,  1.213e+00,  4.563e+00
  0.05, -3.782e+00,  1.176e+00,  4.497e+00
  0.05, -3.744e+00,  1.112e+00,  4.386e+00
  0.05, -3.683e+00,  9.971e-01,  4.204e+00
  0.05, -3.670e+00,  9.709e-01,  4.165e+00
  0.05, -3.621e+00,  8.770e-01,  4.018e+00
  0.05, -3.560e+00,  7.507e-01,  3.834e+00
  0.05, -3.499e+00,  6.197e-01,  3.655e+00
  0.05, -3.438e+00,  5.099e-01,  3.477e+00
  0.05, -3.376e+00,  4.059e-01,  3.289e+00
  0.05, -3.315e+00,  2.996e-01,  3.093e+00
  0.05, -3.254e+00,  1.846e-01,  2.883e+00
  0.05, -3.193e+00,  5.844e-02,  2.653e+00
  0.05, -3.131e+00, -8.590e-02,  2.391e+00
  0.05, -3.070e+00, -2.609e-01,  2.098e+00
  0.05, -3.009e+00, -4.761e-01,  1.762e+00
  0.05, -2.948e+00, -7.678e-01,  1.383e+00
  0.05, -2.887e+00, -1.158e+00,  1.043e+00
  0.05, -2.825e+00, -1.438e+00,  7.697e-01
  0.05, -2.764e+00, -1.610e+00,  5.085e-01
  0.05, -2.703e+00, -1.802e+00,  2.307e-01
  0.05, -2.642e+00, -2.011e+00, -6.157e-02
  0.05, -2.580e+00, -2.233e+00, -3.772e-01
  0.05, -2.519e+00, -2.466e+00, -7.184e-01
  0.05, -2.458e+00, -2.732e+00, -1.100e+00
  0.05, -2.397e+00, -3.035e+00, -1.550e+00
  0.05, -2.336e+00, -3.448e+00, -2.105e+00
  0.05, -2.274e+00, -4.065e+00, -2.663e+00
  0.05, -2.213e+00, -4.502e+00, -3.069e+00
  0.05, -2.152e+00, -4.774e+00, -3.463e+00
  0.05, -2.091e+00, -5.103e+00, -3.919e+00
  0.05, -2.029e+00, -5.510e+00, -4.469e+00
  0.05, -1.968e+00, -5.972e+00, -5.158e+00
  0.05, -1.907e+00, -2.000e+01, -2.000e+01
  0.20, -7.907e+00,  3.168e-01,  1.050e+01
  0.20, -7.782e+00,  4.286e-01,  1.049e+01
  0.20, -7.606e+00,  8.274e-01,  1.049e+01
  0.20, -7.509e+00,  1.125e+00,  1.049e+01
  0.20, -7.384e+00,  1.540e+00,  1.049e+01
  0.20, -7.208e+00,  2.120e+00,  1.048e+01
  0.20, -7.083e+00,  2.506e+00,  1.047e+01
  0.20, -7.021e+00,  2.683e+00,  1.046e+01
  0.20, -6.999e+00,  2.744e+00,  1.046e+01
  0.20, -6.976e+00,  2.806e+00,  1.045e+01
  0.20, -6.952e+00,  2.868e+00,  1.045e+01
  0.20, -6.927e+00,  2.932e+00,  1.044e+01
  0.20, -6.899e+00,  3.001e+00,  1.043e+01
  0.20, -6.870e+00,  3.071e+00,  1.042e+01
  0.20, -6.839e+00,  3.142e+00,  1.041e+01
  0.20, -6.806e+00,  3.213e+00,  1.040e+01
  0.20, -6.769e+00,  3.289e+00,  1.038e+01
  0.20, -6.730e+00,  3.364e+00,  1.036e+01
  0.20, -6.621e+00,  3.549e+00,  1.029e+01
  0.20, -6.512e+00,  3.693e+00,  1.020e+01
  0.20, -6.404e+00,  3.792e+00,  1.007e+01
  0.20, -6.296e+00,  3.843e+00,  9.908e+00
  0.20, -6.188e+00,  3.837e+00,  9.702e+00
  0.20, -6.077e+00,  3.770e+00,  9.446e+00
  0.20, -5.971e+00,  3.645e+00,  9.161e+00
  0.20, -5.861e+00,  3.464e+00,  8.834e+00
  0.20, -5.753e+00,  3.248e+00,  8.491e+00
  0.20, -5.644e+00,  2.998e+00,  8.138e+00
  0.20, -5.535e+00,  2.727e+00,  7.806e+00
  0.20, -5.427e+00,  2.464e+00,  7.521e+00
  0.20, -5.384e+00,  2.376e+00,  7.424e+00
  0.20, -5.319e+00,  2.266e+00,  7.292e+00
  0.20, -5.249e+00,  2.178e+00,  7.157e+00
  0.20, -5.208e+00,  2.138e+00,  7.082e+00
  0.20, -5.073e+00,  2.008e+00,  6.843e+00
  0.20, -4.969e+00,  1.886e+00,  6.668e+00
  0.20, -4.954e+00,  1.858e+00,  6.646e+00
  0.20, -4.925e+00,  1.835e+00,  6.603e+00
  0.20, -4.884e+00,  1.811e+00,  6.547e+00
  0.20, -4.834e+00,  1.760e+00,  6.477e+00
  0.20, -4.788e+00,  1.673e+00,  6.422e+00
  0.20, -4.726e+00,  1.614e+00,  6.359e+00
  0.20, -4.685e+00,  1.595e+00,  6.321e+00
  0.20, -4.637e+00,  1.613e+00,  6.277e+00
  0.20, -4.577e+00,  1.648e+00,  6.219e+00
  0.20, -4.478e+00,  1.710e+00,  6.109e+00
  0.20, -4.463e+00,  1.718e+00,  6.091e+00
  0.20, -4.451e+00,  1.725e+00,  6.076e+00
  0.20, -4.432e+00,  1.735e+00,  6.051e+00
  0.20, -4.426e+00,  1.738e+00,  6.043e+00
  0.20, -4.419e+00,  1.741e+00,  6.034e+00
  0.20, -4.417e+00,  1.742e+00,  6.031e+00
  0.20, -4.412e+00,  1.744e+00,  6.025e+00
  0.20, -4.356e+00,  1.763e+00,  5.945e+00
  0.20, -4.338e+00,  1.767e+00,  5.918e+00
  0.20, -4.295e+00,  1.776e+00,  5.849e+00
  0.20, -4.234e+00,  1.771e+00,  5.742e+00
  0.20, -4.233e+00,  1.771e+00,  5.741e+00
  0.20, -4.172e+00,  1.748e+00,  5.624e+00
  0.20, -4.124e+00,  1.722e+00,  5.527e+00
  0.20, -4.111e+00,  1.713e+00,  5.500e+00
  0.20, -4.050e+00,  1.668e+00,  5.367e+00
  0.20, -4.014e+00,  1.639e+00,  5.285e+00
  0.20, -3.989e+00,  1.617e+00,  5.226e+00
  0.20, -3.927e+00,  1.552e+00,  5.072e+00
  0.20, -3.907e+00,  1.527e+00,  5.021e+00
  0.20, -3.866e+00,  1.472e+00,  4.914e+00
  0.20, -3.805e+00,  1.385e+00,  4.748e+00
  0.20, -3.782e+00,  1.350e+00,  4.684e+00
  0.20, -3.744e+00,  1.289e+00,  4.577e+00
  0.20, -3.683e+00,  1.180e+00,  4.401e+00
  0.20, -3.670e+00,  1.155e+00,  4.363e+00
  0.20, -3.621e+00,  1.063e+00,  4.222e+00
  0.20, -3.560e+00,  9.415e-01,  4.046e+00
  0.20, -3.499e+00,  8.178e-01,  3.875e+00
  0.20, -3.438e+00,  7.208e-01,  3.705e+00
  0.20, -3.376e+00,  6.282e-01,  3.523e+00
  0.20, -3.315e+00,  5.310e-01,  3.332e+00
  0.20, -3.254e+00,  4.233e-01,  3.123e+00
  0.20, -3.193e+00,  2.978e-01,  2.894e+00
  0.20, -3.131e+00,  1.523e-01,  2.635e+00
  0.20, -3.070e+00, -1.908e-02,  2.345e+00
  0.20, -3.009e+00, -2.277e-01,  2.013e+00
  0.20, -2.948e+00, -5.122e-01,  1.631e+00
  0.20, -2.887e+00, -9.148e-01,  1.286e+00
  0.20, -2.825e+00, -1.198e+00,  1.014e+00
  0.20, -2.764e+00, -1.367e+00,  7.550e-01
  0.20, -2.703e+00, -1.557e+00,  4.795e-01
  0.20, -2.642e+00, -1.763e+00,  1.889e-01
  0.20, -2.580e+00, -1.981e+00, -1.265e-01
  0.20, -2.519e+00, -2.216e+00, -4.703e-01
  0.20, -2.458e+00, -2.485e+00, -8.505e-01
  0.20, -2.397e+00, -2.779e+00, -1.307e+00
  0.20, -2.336e+00, -3.212e+00, -1.878e+00
  0.20, -2.274e+00, -3.849e+00, -2.439e+00
  0.20, -2.213e+00, -4.278e+00, -2.835e+00
  0.20, -2.152e+00, -4.542e+00, -3.223e+00
  0.20, -2.091e+00, -4.863e+00, -3.664e+00
  0.20, -2.029e+00, -5.241e+00, -4.214e+00
  0.20, -1.968e+00, -5.730e+00, -4.916e+00
  0.20, -1.907e+00, -2.000e+01, -2.000e+01
  0.40, -7.907e+00,  4.716e-01,  1.061e+01
  0.40, -7.782e+00,  5.244e-01,  1.061e+01
  0.40, -7.606e+00,  8.378e-01,  1.061e+01
  0.40, -7.509e+00,  1.111e+00,  1.061e+01
  0.40, -7.384e+00,  1.514e+00,  1.061e+01
  0.40, -7.208e+00,  2.103e+00,  1.060e+01
  0.40, -7.083e+00,  2.503e+00,  1.059e+01
  0.40, -7.021e+00,  2.691e+00,  1.059e+01
  0.40, -6.999e+00,  2.755e+00,  1.058e+01
  0.40, -6.976e+00,  2.821e+00,  1.058e+01
  0.40, -6.952e+00,  2.888e+00,  1.058e+01
  0.40, -6.927e+00,  2.957e+00,  1.057e+01
  0.40, -6.899e+00,  3.031e+00,  1.057e+01
  0.40, -6.870e+00,  3.106e+00,  1.056e+01
  0.40, -6.839e+00,  3.183e+00,  1.055e+01
  0.40, -6.806e+00,  3.262e+00,  1.054e+01
  0.40, -6.769e+00,  3.347e+00,  1.053e+01
  0.40, -6.730e+00,  3.430e+00,  1.051e+01
  0.40, -6.621e+00,  3.636e+00,  1.045e+01
  0.40, -6.512e+00,  3.804e+00,  1.037e+01
  0.40, -6.404e+00,  3.926e+00,  1.026e+01
  0.40, -6.296e+00,  4.001e+00,  1.011e+01
  0.40, -6.188e+00,  4.023e+00,  9.922e+00
  0.40, -6.077e+00,  3.980e+00,  9.682e+00
  0.40, -5.971e+00,  3.879e+00,  9.411e+00
  0.40, -5.861e+00,  3.716e+00,  9.091e+00
  0.40, -5.753e+00,  3.511e+00,  8.748e+00
  0.40, -5.644e+00,  3.263e+00,  8.386e+00
  0.40, -5.535e+00,  2.985e+00,  8.037e+00
  0.40, -5.427e+00,  2.705e+00,  7.732e+00
  0.40, -5.384e+00,  2.606e+00,  7.628e+00
  0.40, -5.319e+00,  2.481e+00,  7.489e+00
  0.40, -5.249e+00,  2.382e+00,  7.349e+00
  0.40, -5.208e+00,  2.339e+00,  7.273e+00
  0.40, -5.073e+00,  2.217e+00,  7.024e+00
  0.40, -4.969e+00,  2.096e+00,  6.832e+00
  0.40, -4.954e+00,  2.062e+00,  6.809e+00
  0.40, -4.925e+00,  2.035e+00,  6.761e+00
  0.40, -4.884e+00,  2.012e+00,  6.699e+00
  0.40, -4.834e+00,  1.963e+00,  6.619e+00
  0.40, -4.788e+00,  1.848e+00,  6.558e+00
  0.40, -4.726e+00,  1.758e+00,  6.490e+00
  0.40, -4.685e+00,  1.716e+00,  6.453e+00
  0.40, -4.637e+00,  1.726e+00,  6.409e+00
  0.40, -4.577e+00,  1.758e+00,  6.354e+00
  0.40, -4.478e+00,  1.827e+00,  6.251e+00
  0.40, -4.463e+00,  1.836e+00,  6.234e+00
  0.40, -4.451e+00,  1.844e+00,  6.220e+00
  0.40, -4.432e+00,  1.855e+00,  6.197e+00
  0.40, -4.426e+00,  1.859e+00,  6.189e+00
  0.40, -4.419e+00,  1.863e+00,  6.180e+00
  0.40, -4.417e+00,  1.864e+00,  6.178e+00
  0.40, -4.412e+00,  1.867e+00,  6.172e+00
  0.40, -4.356e+00,  1.893e+00,  6.096e+00
  0.40, -4.338e+00,  1.899e+00,  6.070e+00
  0.40, -4.295e+00,  1.912e+00,  6.004e+00
  0.40, -4.234e+00,  1.914e+00,  5.902e+00
  0.40, -4.233e+00,  1.914e+00,  5.900e+00
  0.40, -4.172e+00,  1.895e+00,  5.788e+00
  0.40, -4.124e+00,  1.871e+00,  5.694e+00
  0.40, -4.111e+00,  1.862e+00,  5.668e+00
  0.40, -4.050e+00,  1.822e+00,  5.542e+00
  0.40, -4.014e+00,  1.797e+00,  5.463e+00
  0.40, -3.989e+00,  1.778e+00,  5.407e+00
  0.40, -3.927e+00,  1.721e+00,  5.260e+00
  0.40, -3.907e+00,  1.698e+00,  5.211e+00
  0.40, -3.866e+00,  1.648e+00,  5.108e+00
  0.40, -3.805e+00,  1.568e+00,  4.949e+00
  0.40, -3.782e+00,  1.536e+00,  4.888e+00
  0.40, -3.744e+00,  1.479e+00,  4.784e+00
  0.40, -3.683e+00,  1.376e+00,  4.615e+00
  0.40, -3.670e+00,  1.353e+00,  4.579e+00
  0.40, -3.621e+00,  1.266e+00,  4.443e+00
  0.40, -3.560e+00,  1.148e+00,  4.275e+00
  0.40, -3.499e+00,  1.030e+00,  4.114e+00
  0.40, -3.438e+00,  9.427e-01,  3.954e+00
  0.40, -3.376e+00,  8.677e-01,  3.782e+00
  0.40, -3.315e+00,  7.842e-01,  3.597e+00
  0.40, -3.254e+00,  6.873e-01,  3.393e+00
  0.40, -3.193e+00,  5.696e-01,  3.165e+00
  0.40, -3.131e+00,  4.242e-01,  2.904e+00
  0.40, -3.070e+00,  2.487e-01,  2.614e+00
  0.40, -3.009e+00,  4.110e-02,  2.284e+00
  0.40, -2.948e+00, -2.401e-01,  1.902e+00
  0.40, -2.887e+00, -6.415e-01,  1.555e+00
  0.40, -2.825e+00, -9.325e-01,  1.282e+00
  0.40, -2.764e+00, -1.099e+00,  1.025e+00
  0.40, -2.703e+00, -1.288e+00,  7.519e-01
  0.40, -2.642e+00, -1.493e+00,  4.645e-01
  0.40, -2.580e+00, -1.704e+00,  1.523e-01
  0.40, -2.519e+00, -1.934e+00, -1.916e-01
  0.40, -2.458e+00, -2.208e+00, -5.742e-01
  0.40, -2.397e+00, -2.504e+00, -1.027e+00
  0.40, -2.336e+00, -2.923e+00, -1.600e+00
  0.40, -2.274e+00, -3.583e+00, -2.173e+00
  0.40, -2.213e+00, -4.025e+00, -2.562e+00
  0.40, -2.152e+00, -4.270e+00, -2.932e+00
  0.40, -2.091e+00, -4.569e+00, -3.359e+00
  0.40, -2.029e+00, -4.939e+00, -3.885e+00
  0.40, -1.968e+00, -5.378e+00, -4.563e+00
  0.40, -1.907e+00, -2.000e+01, -2.000e+01
  0.50, -7.907e+00,  5.424e-01,  1.066e+01
  0.50, -7.782e+00,  5.731e-01,  1.066e+01
  0.50, -7.606e+00,  8.477e-01,  1.066e+01
  0.50, -7.509e+00,  1.108e+00,  1.066e+01
  0.50, -7.384e+00,  1.503e+00,  1.066e+01
  0.50, -7.208e+00,  2.092e+00,  1.065e+01
  0.50, -7.083e+00,  2.498e+00,  1.065e+01
  0.50, -7.021e+00,  2.690e+00,  1.064e+01
  0.50, -6.999e+00,  2.756e+00,  1.064e+01
  0.50, -6.976e+00,  2.823e+00,  1.063e+01
  0.50, -6.952e+00,  2.892e+00,  1.063e+01
  0.50, -6.927e+00,  2.963e+00,  1.063e+01
  0.50, -6.899e+00,  3.040e+00,  1.062e+01
  0.50, -6.870e+00,  3.117e+00,  1.061e+01
  0.50, -6.839e+00,  3.197e+00,  1.061e+01
  0.50, -6.806e+00,  3.279e+00,  1.060e+01
  0.50, -6.769e+00,  3.367e+00,  1.058e+01
  0.50, -6.730e+00,  3.454e+00,  1.057e+01
  0.50, -6.621e+00,  3.670e+00,  1.052e+01
  0.50, -6.512e+00,  3.847e+00,  1.044e+01
  0.50, -6.404e+00,  3.979e+00,  1.033e+01
  0.50, -6.296e+00,  4.065e+00,  1.019e+01
  0.50, -6.188e+00,  4.098e+00,  1.001e+01
  0.50, -6.077e+00,  4.067e+00,  9.781e+00
  0.50, -5.971e+00,  3.976e+00,  9.515e+00
  0.50, -5.861e+00,  3.821e+00,  9.199e+00
  0.50, -5.753e+00,  3.621e+00,  8.856e+00
  0.50, -5.644e+00,  3.374e+00,  8.490e+00
  0.50, -5.535e+00,  3.093e+00,  8.134e+00
  0.50, -5.427e+00,  2.805e+00,  7.820e+00
  0.50, -5.384e+00,  2.702e+00,  7.714e+00
  0.50, -5.319e+00,  2.571e+00,  7.572e+00
  0.50, -5.249e+00,  2.467e+00,  7.430e+00
  0.50, -5.208e+00,  2.423e+00,  7.354e+00
  0.50, -5.073e+00,  2.303e+00,  7.102e+00
  0.50, -4.969e+00,  2.186e+00,  6.903e+00
  0.50, -4.954e+00,  2.151e+00,  6.879e+00
  0.50, -4.925e+00,  2.124e+00,  6.828e+00
  0.50, -4.884e+00,  2.099e+00,  6.764e+00
  0.50, -4.834e+00,  2.048e+00,  6.679e+00
  0.50, -4.788e+00,  1.926e+00,  6.614e+00
  0.50, -4.726e+00,  1.820e+00,  6.544e+00
  0.50, -4.685e+00,  1.768e+00,  6.507e+00
  0.50, -4.637e+00,  1.773e+00,  6.463e+00
  0.50, -4.577e+00,  1.803e+00,  6.410e+00
  0.50, -4.478e+00,  1.873e+00,  6.309e+00
  0.50, -4.463e+00,  1.884e+00,  6.292e+00
  0.50, -4.451e+00,  1.892e+00,  6.279e+00
  0.50, -4.432e+00,  1.904e+00,  6.256e+00
  0.50, -4.426e+00,  1.908e+00,  6.249e+00
  0.50, -4.419e+00,  1.912e+00,  6.240e+00
  0.50, -4.417e+00,  1.913e+00,  6.238e+00
  0.50, -4.412e+00,  1.917e+00,  6.232e+00
  0.50, -4.356e+00,  1.945e+00,  6.158e+00
  0.50, -4.338e+00,  1.952e+00,  6.133e+00
  0.50, -4.295e+00,  1.967e+00,  6.068e+00
  0.50, -4.234e+00,  1.972e+00,  5.967e+00
  0.50, -4.233e+00,  1.972e+00,  5.966e+00
  0.50, -4.172e+00,  1.956e+00,  5.856e+00
  0.50, -4.124e+00,  1.932e+00,  5.764e+00
  0.50, -4.111e+00,  1.924e+00,  5.738e+00
  0.50, -4.050e+00,  1.885e+00,  5.614e+00
  0.50, -4.014e+00,  1.861e+00,  5.537e+00
  0.50, -3.989e+00,  1.844e+00,  5.482e+00
  0.50, -3.927e+00,  1.790e+00,  5.339e+00
  0.50, -3.907e+00,  1.769e+00,  5.290e+00
  0.50, -3.866e+00,  1.721e+00,  5.190e+00
  0.50, -3.805e+00,  1.644e+00,  5.034e+00
  0.50, -3.782e+00,  1.614e+00,  4.974e+00
  0.50, -3.744e+00,  1.559e+00,  4.872e+00
  0.50, -3.683e+00,  1.460e+00,  4.706e+00
  0.50, -3.670e+00,  1.437e+00,  4.671e+00
  0.50, -3.621e+00,  1.352e+00,  4.537e+00
  0.50, -3.560e+00,  1.237e+00,  4.372e+00
  0.50, -3.499e+00,  1.118e+00,  4.215e+00
  0.50, -3.438e+00,  1.035e+00,  4.060e+00
  0.50, -3.376e+00,  9.667e-01,  3.893e+00
  0.50, -3.315e+00,  8.917e-01,  3.712e+00
  0.50, -3.254e+00,  8.005e-01,  3.511e+00
  0.50, -3.193e+00,  6.881e-01,  3.285e+00
  0.50, -3.131e+00,  5.455e-01,  3.024e+00
  0.50, -3.070e+00,  3.690e-01,  2.732e+00
  0.50, -3.009e+00,  1.586e-01,  2.401e+00
  0.50, -2.948e+00, -1.216e-01,  2.018e+00
  0.50, -2.887e+00, -5.264e-01,  1.670e+00
  0.50, -2.825e+00, -8.179e-01,  1.398e+00
  0.50, -2.764e+00, -9.838e-01,  1.141e+00
  0.50, -2.703e+00, -1.172e+00,  8.681e-01
  0.50, -2.642e+00, -1.377e+00,  5.810e-01
  0.50, -2.580e+00, -1.588e+00,  2.693e-01
  0.50, -2.519e+00, -1.816e+00, -7.456e-02
  0.50, -2.458e+00, -2.089e+00, -4.602e-01
  0.50, -2.397e+00, -2.392e+00, -9.164e-01
  0.50, -2.336e+00, -2.815e+00, -1.493e+00
  0.50, -2.274e+00, -3.478e+00, -2.067e+00
  0.50, -2.213e+00, -3.922e+00, -2.451e+00
  0.50, -2.152e+00, -4.159e+00, -2.814e+00
  0.50, -2.091e+00, -4.449e+00, -3.237e+00
  0.50, -2.029e+00, -4.813e+00, -3.764e+00
  0.50, -1.968e+00, -5.261e+00, -4.446e+00
  0.50, -1.907e+00, -7.700e+00, -2.000e+01
  0.60, -7.907e+00,  6.084e-01,  1.071e+01
  0.60, -7.782e+00,  6.209e-01,  1.071e+01
  0.60, -7.606e+00,  8.595e-01,  1.071e+01
  0.60, -7.509e+00,  1.106e+00,  1.071e+01
  0.60, -7.384e+00,  1.492e+00,  1.070e+01
  0.60, -7.208e+00,  2.081e+00,  1.070e+01
  0.60, -7.083e+00,  2.491e+00,  1.069e+01
  0.60, -7.021e+00,  2.687e+00,  1.069e+01
  0.60, -6.999e+00,  2.754e+00,  1.068e+01
  0.60, -6.976e+00,  2.823e+00,  1.068e+01
  0.60, -6.952e+00,  2.894e+00,  1.068e+01
  0.60, -6.927e+00,  2.966e+00,  1.067e+01
  0.60, -6.899e+00,  3.045e+00,  1.067e+01
  0.60, -6.870e+00,  3.125e+00,  1.066e+01
  0.60, -6.839e+00,  3.207e+00,  1.066e+01
  0.60, -6.806e+00,  3.292e+00,  1.065e+01
  0.60, -6.769e+00,  3.382e+00,  1.064e+01
  0.60, -6.730e+00,  3.473e+00,  1.062e+01
  0.60, -6.621e+00,  3.699e+00,  1.057e+01
  0.60, -6.512e+00,  3.885e+00,  1.050e+01
  0.60, -6.404e+00,  4.026e+00,  1.040e+01
  0.60, -6.296e+00,  4.121e+00,  1.027e+01
  0.60, -6.188e+00,  4.163e+00,  1.009e+01
  0.60, -6.077e+00,  4.143e+00,  9.868e+00
  0.60, -5.971e+00,  4.061e+00,  9.608e+00
  0.60, -5.861e+00,  3.915e+00,  9.295e+00
  0.60, -5.753e+00,  3.719e+00,  8.953e+00
  0.60, -5.644e+00,  3.474e+00,  8.583e+00
  0.60, -5.535e+00,  3.190e+00,  8.220e+00
  0.60, -5.427e+00,  2.894e+00,  7.899e+00
  0.60, -5.384e+00,  2.787e+00,  7.790e+00
  0.60, -5.319e+00,  2.651e+00,  7.645e+00
  0.60, -5.249e+00,  2.543e+00,  7.502e+00
  0.60, -5.208e+00,  2.497e+00,  7.425e+00
  0.60, -5.073e+00,  2.379e+00,  7.171e+00
  0.60, -4.969e+00,  2.266e+00,  6.967e+00
  0.60, -4.954e+00,  2.230e+00,  6.941e+00
  0.60, -4.925e+00,  2.204e+00,  6.889e+00
  0.60, -4.884e+00,  2.181e+00,  6.821e+00
  0.60, -4.834e+00,  2.124e+00,  6.731e+00
  0.60, -4.788e+00,  1.994e+00,  6.663e+00
  0.60, -4.726e+00,  1.875e+00,  6.590e+00
  0.60, -4.685e+00,  1.813e+00,  6.553e+00
  0.60, -4.637e+00,  1.813e+00,  6.510e+00
  0.60, -4.577e+00,  1.841e+00,  6.458e+00
  0.60, -4.478e+00,  1.913e+00,  6.359e+00
  0.60, -4.463e+00,  1.924e+00,  6.343e+00
  0.60, -4.451e+00,  1.933e+00,  6.329e+00
  0.60, -4.432e+00,  1.946e+00,  6.308e+00
  0.60, -4.426e+00,  1.950e+00,  6.300e+00
  0.60, -4.419e+00,  1.955e+00,  6.292e+00
  0.60, -4.417e+00,  1.956e+00,  6.290e+00
  0.60, -4.412e+00,  1.959e+00,  6.284e+00
  0.60, -4.356e+00,  1.989e+00,  6.211e+00
  0.60, -4.338e+00,  1.997e+00,  6.187e+00
  0.60, -4.295e+00,  2.015e+00,  6.123e+00
  0.60, -4.234e+00,  2.022e+00,  6.024e+00
  0.60, -4.233e+00,  2.022e+00,  6.023e+00
  0.60, -4.172e+00,  2.007e+00,  5.914e+00
  0.60, -4.124e+00,  1.985e+00,  5.824e+00
  0.60, -4.111e+00,  1.977e+00,  5.799e+00
  0.60, -4.050e+00,  1.939e+00,  5.677e+00
  0.60, -4.014e+00,  1.917e+00,  5.602e+00
  0.60, -3.989e+00,  1.900e+00,  5.548e+00
  0.60, -3.927e+00,  1.850e+00,  5.408e+00
  0.60, -3.907e+00,  1.830e+00,  5.360e+00
  0.60, -3.866e+00,  1.785e+00,  5.261e+00
  0.60, -3.805e+00,  1.711e+00,  5.109e+00
  0.60, -3.782e+00,  1.682e+00,  5.050e+00
  0.60, -3.744e+00,  1.629e+00,  4.950e+00
  0.60, -3.683e+00,  1.533e+00,  4.787e+00
  0.60, -3.670e+00,  1.511e+00,  4.752e+00
  0.60, -3.621e+00,  1.428e+00,  4.621e+00
  0.60, -3.560e+00,  1.314e+00,  4.459e+00
  0.60, -3.499e+00,  1.197e+00,  4.306e+00
  0.60, -3.438e+00,  1.118e+00,  4.156e+00
  0.60, -3.376e+00,  1.055e+00,  3.993e+00
  0.60, -3.315e+00,  9.871e-01,  3.817e+00
  0.60, -3.254e+00,  9.030e-01,  3.620e+00
  0.60, -3.193e+00,  7.959e-01,  3.396e+00
  0.60, -3.131e+00,  6.575e-01,  3.136e+00
  0.60, -3.070e+00,  4.822e-01,  2.842e+00
  0.60, -3.009e+00,  2.688e-01,  2.510e+00
  0.60, -2.948e+00, -1.258e-02,  2.125e+00
  0.60, -2.887e+00, -4.194e-01,  1.776e+00
  0.60, -2.825e+00, -7.130e-01,  1.504e+00
  0.60, -2.764e+00, -8.775e-01,  1.248e+00
  0.60, -2.703e+00, -1.065e+00,  9.749e-01
  0.60, -2.642e+00, -1.270e+00,  6.875e-01
  0.60, -2.580e+00, -1.482e+00,  3.764e-01
  0.60, -2.519e+00, -1.708e+00,  3.252e-02
  0.60, -2.458e+00, -1.980e+00, -3.549e-01
  0.60, -2.397e+00, -2.285e+00, -8.173e-01
  0.60, -2.336e+00, -2.719e+00, -1.400e+00
  0.60, -2.274e+00, -3.392e+00, -1.975e+00
  0.60, -2.213e+00, -3.831e+00, -2.352e+00
  0.60, -2.152e+00, -4.062e+00, -2.709e+00
  0.60, -2.091e+00, -4.342e+00, -3.124e+00
  0.60, -2.029e+00, -4.694e+00, -3.652e+00
  0.60, -1.968e+00, -5.155e+00, -4.341e+00
  0.60, -1.907e+00, -2.000e+01, -2.000e+01
  0.80, -7.907e+00,  7.313e-01,  1.079e+01
  0.80, -7.782e+00,  7.164e-01,  1.079e+01
  0.80, -7.606e+00,  8.907e-01,  1.078e+01
  0.80, -7.509e+00,  1.109e+00,  1.078e+01
  0.80, -7.384e+00,  1.475e+00,  1.078e+01
  0.80, -7.208e+00,  2.059e+00,  1.078e+01
  0.80, -7.083e+00,  2.476e+00,  1.077e+01
  0.80, -7.021e+00,  2.675e+00,  1.077e+01
  0.80, -6.999e+00,  2.745e+00,  1.077e+01
  0.80, -6.976e+00,  2.818e+00,  1.077e+01
  0.80, -6.952e+00,  2.891e+00,  1.076e+01
  0.80, -6.927e+00,  2.967e+00,  1.076e+01
  0.80, -6.899e+00,  3.049e+00,  1.076e+01
  0.80, -6.870e+00,  3.132e+00,  1.075e+01
  0.80, -6.839e+00,  3.219e+00,  1.074e+01
  0.80, -6.806e+00,  3.308e+00,  1.074e+01
  0.80, -6.769e+00,  3.404e+00,  1.073e+01
  0.80, -6.730e+00,  3.501e+00,  1.072e+01
  0.80, -6.621e+00,  3.744e+00,  1.067e+01
  0.80, -6.512e+00,  3.945e+00,  1.061e+01
  0.80, -6.404e+00,  4.103e+00,  1.052e+01
  0.80, -6.296e+00,  4.213e+00,  1.039e+01
  0.80, -6.188e+00,  4.272e+00,  1.023e+01
  0.80, -6.077e+00,  4.272e+00,  1.002e+01
  0.80, -5.971e+00,  4.209e+00,  9.773e+00
  0.80, -5.861e+00,  4.081e+00,  9.470e+00
  0.80, -5.753e+00,  3.897e+00,  9.132e+00
  0.80, -5.644e+00,  3.659e+00,  8.759e+00
  0.80, -5.535e+00,  3.373e+00,  8.382e+00
  0.80, -5.427e+00,  3.062e+00,  8.044e+00
  0.80, -5.384e+00,  2.949e+00,  7.928e+00
  0.80, -5.319e+00,  2.799e+00,  7.777e+00
  0.80, -5.249e+00,  2.680e+00,  7.629e+00
  0.80, -5.208e+00,  2.630e+00,  7.551e+00
  0.80, -5.073e+00,  2.511e+00,  7.293e+00
  0.80, -4.969e+00,  2.404e+00,  7.081e+00
  0.80, -4.954e+00,  2.369e+00,  7.054e+00
  0.80, -4.925e+00,  2.346e+00,  6.997e+00
  0.80, -4.884e+00,  2.326e+00,  6.924e+00
  0.80, -4.834e+00,  2.269e+00,  6.823e+00
  0.80, -4.788e+00,  2.121e+00,  6.747e+00
  0.80, -4.726e+00,  1.977e+00,  6.668e+00
  0.80, -4.685e+00,  1.894e+00,  6.629e+00
  0.80, -4.637e+00,  1.882e+00,  6.587e+00
  0.80, -4.577e+00,  1.903e+00,  6.536e+00
  0.80, -4.478e+00,  1.975e+00,  6.441e+00
  0.80, -4.463e+00,  1.987e+00,  6.426e+00
  0.80, -4.451e+00,  1.997e+00,  6.413e+00
  0.80, -4.432e+00,  2.012e+00,  6.392e+00
  0.80, -4.426e+00,  2.017e+00,  6.385e+00
  0.80, -4.419e+00,  2.022e+00,  6.377e+00
  0.80, -4.417e+00,  2.024e+00,  6.375e+00
  0.80, -4.412e+00,  2.027e+00,  6.369e+00
  0.80, -4.356e+00,  2.060e+00,  6.299e+00
  0.80, -4.338e+00,  2.070e+00,  6.275e+00
  0.80, -4.295e+00,  2.091e+00,  6.214e+00
  0.80, -4.234e+00,  2.103e+00,  6.119e+00
  0.80, -4.233e+00,  2.103e+00,  6.117e+00
  0.80, -4.172e+00,  2.091e+00,  6.012e+00
  0.80, -4.124e+00,  2.071e+00,  5.924e+00
  0.80, -4.111e+00,  2.064e+00,  5.900e+00
  0.80, -4.050e+00,  2.029e+00,  5.783e+00
  0.80, -4.014e+00,  2.008e+00,  5.710e+00
  0.80, -3.989e+00,  1.993e+00,  5.658e+00
  0.80, -3.927e+00,  1.947e+00,  5.524e+00
  0.80, -3.907e+00,  1.929e+00,  5.478e+00
  0.80, -3.866e+00,  1.889e+00,  5.384e+00
  0.80, -3.805e+00,  1.823e+00,  5.237e+00
  0.80, -3.782e+00,  1.796e+00,  5.180e+00
  0.80, -3.744e+00,  1.748e+00,  5.084e+00
  0.80, -3.683e+00,  1.657e+00,  4.927e+00
  0.80, -3.670e+00,  1.636e+00,  4.893e+00
  0.80, -3.621e+00,  1.558e+00,  4.766e+00
  0.80, -3.560e+00,  1.447e+00,  4.611e+00
  0.80, -3.499e+00,  1.333e+00,  4.465e+00
  0.80, -3.438e+00,  1.259e+00,  4.322e+00
  0.80, -3.376e+00,  1.206e+00,  4.169e+00
  0.80, -3.315e+00,  1.150e+00,  4.003e+00
  0.80, -3.254e+00,  1.081e+00,  3.813e+00
  0.80, -3.193e+00,  9.861e-01,  3.596e+00
  0.80, -3.131e+00,  8.584e-01,  3.339e+00
  0.80, -3.070e+00,  6.894e-01,  3.046e+00
  0.80, -3.009e+00,  4.749e-01,  2.708e+00
  0.80, -2.948e+00,  1.847e-01,  2.318e+00
  0.80, -2.887e+00, -2.265e-01,  1.965e+00
  0.80, -2.825e+00, -5.261e-01,  1.692e+00
  0.80, -2.764e+00, -6.895e-01,  1.436e+00
  0.80, -2.703e+00, -8.775e-01,  1.164e+00
  0.80, -2.642e+00, -1.082e+00,  8.774e-01
  0.80, -2.580e+00, -1.294e+00,  5.679e-01
  0.80, -2.519e+00, -1.518e+00,  2.272e-01
  0.80, -2.458e+00, -1.784e+00, -1.571e-01
  0.80, -2.397e+00, -2.084e+00, -6.241e-01
  0.80, -2.336e+00, -2.529e+00, -1.219e+00
  0.80, -2.274e+00, -3.223e+00, -1.800e+00
  0.80, -2.213e+00, -3.663e+00, -2.168e+00
  0.80, -2.152e+00, -3.884e+00, -2.509e+00
  0.80, -2.091e+00, -4.141e+00, -2.906e+00
  0.80, -2.029e+00, -4.471e+00, -3.417e+00
  0.80, -1.968e+00, -4.911e+00, -4.096e+00
  0.80, -1.907e+00, -2.000e+01, -2.000e+01
  1.00, -7.907e+00,  8.370e-01,  1.085e+01
  1.00, -7.782e+00,  8.038e-01,  1.085e+01
  1.00, -7.606e+00,  9.273e-01,  1.085e+01
  1.00, -7.509e+00,  1.116e+00,  1.085e+01
  1.00, -7.384e+00,  1.461e+00,  1.085e+01
  1.00, -7.208e+00,  2.036e+00,  1.084e+01
  1.00, -7.083e+00,  2.457e+00,  1.084e+01
  1.00, -7.021e+00,  2.661e+00,  1.084e+01
  1.00, -6.999e+00,  2.732e+00,  1.084e+01
  1.00, -6.976e+00,  2.805e+00,  1.083e+01
  1.00, -6.952e+00,  2.881e+00,  1.083e+01
  1.00, -6.927e+00,  2.960e+00,  1.083e+01
  1.00, -6.899e+00,  3.045e+00,  1.082e+01
  1.00, -6.870e+00,  3.132e+00,  1.082e+01
  1.00, -6.839e+00,  3.222e+00,  1.082e+01
  1.00, -6.806e+00,  3.315e+00,  1.081e+01
  1.00, -6.769e+00,  3.416e+00,  1.080e+01
  1.00, -6.730e+00,  3.517e+00,  1.079e+01
  1.00, -6.621e+00,  3.775e+00,  1.075e+01
  1.00, -6.512e+00,  3.990e+00,  1.069e+01
  1.00, -6.404e+00,  4.161e+00,  1.061e+01
  1.00, -6.296e+00,  4.285e+00,  1.050e+01
  1.00, -6.188e+00,  4.358e+00,  1.035e+01
  1.00, -6.077e+00,  4.374e+00,  1.015e+01
  1.00, -5.971e+00,  4.328e+00,  9.910e+00
  1.00, -5.861e+00,  4.217e+00,  9.617e+00
  1.00, -5.753e+00,  4.046e+00,  9.284e+00
  1.00, -5.644e+00,  3.816e+00,  8.910e+00
  1.00, -5.535e+00,  3.531e+00,  8.524e+00
  1.00, -5.427e+00,  3.211e+00,  8.169e+00
  1.00, -5.384e+00,  3.089e+00,  8.048e+00
  1.00, -5.319e+00,  2.929e+00,  7.890e+00
  1.00, -5.249e+00,  2.800e+00,  7.736e+00
  1.00, -5.208e+00,  2.744e+00,  7.657e+00
  1.00, -5.073e+00,  2.620e+00,  7.396e+00
  1.00, -4.969e+00,  2.518e+00,  7.177e+00
  1.00, -4.954e+00,  2.481e+00,  7.149e+00
  1.00, -4.925e+00,  2.462e+00,  7.090e+00
  1.00, -4.884e+00,  2.450e+00,  7.011e+00
  1.00, -4.834e+00,  2.394e+00,  6.900e+00
  1.00, -4.788e+00,  2.237e+00,  6.815e+00
  1.00, -4.726e+00,  2.069e+00,  6.728e+00
  1.00, -4.685e+00,  1.963e+00,  6.687e+00
  1.00, -4.637e+00,  1.939e+00,  6.644e+00
  1.00, -4.577e+00,  1.950e+00,  6.594e+00
  1.00, -4.478e+00,  2.020e+00,  6.503e+00
  1.00, -4.463e+00,  2.033e+00,  6.488e+00
  1.00, -4.451e+00,  2.043e+00,  6.476e+00
  1.00, -4.432e+00,  2.059e+00,  6.456e+00
  1.00, -4.426e+00,  2.064e+00,  6.449e+00
  1.00, -4.419e+00,  2.070e+00,  6.442e+00
  1.00, -4.417e+00,  2.072e+00,  6.439e+00
  1.00, -4.412e+00,  2.076e+00,  6.434e+00
  1.00, -4.356e+00,  2.113e+00,  6.367e+00
  1.00, -4.338e+00,  2.123e+00,  6.343e+00
  1.00, -4.295e+00,  2.148e+00,  6.284e+00
  1.00, -4.234e+00,  2.164e+00,  6.191e+00
  1.00, -4.233e+00,  2.164e+00,  6.190e+00
  1.00, -4.172e+00,  2.154e+00,  6.088e+00
  1.00, -4.124e+00,  2.136e+00,  6.003e+00
  1.00, -4.111e+00,  2.130e+00,  5.979e+00
  1.00, -4.050e+00,  2.097e+00,  5.865e+00
  1.00, -4.014e+00,  2.077e+00,  5.795e+00
  1.00, -3.989e+00,  2.063e+00,  5.745e+00
  1.00, -3.927e+00,  2.021e+00,  5.616e+00
  1.00, -3.907e+00,  2.005e+00,  5.572e+00
  1.00, -3.866e+00,  1.968e+00,  5.481e+00
  1.00, -3.805e+00,  1.909e+00,  5.341e+00
  1.00, -3.782e+00,  1.885e+00,  5.286e+00
  1.00, -3.744e+00,  1.842e+00,  5.194e+00
  1.00, -3.683e+00,  1.758e+00,  5.042e+00
  1.00, -3.670e+00,  1.738e+00,  5.009e+00
  1.00, -3.621e+00,  1.663e+00,  4.887e+00
  1.00, -3.560e+00,  1.556e+00,  4.737e+00
  1.00, -3.499e+00,  1.444e+00,  4.597e+00
  1.00, -3.438e+00,  1.376e+00,  4.462e+00
  1.00, -3.376e+00,  1.330e+00,  4.317e+00
  1.00, -3.315e+00,  1.284e+00,  4.159e+00
  1.00, -3.254e+00,  1.227e+00,  3.979e+00
  1.00, -3.193e+00,  1.146e+00,  3.770e+00
  1.00, -3.131e+00,  1.030e+00,  3.521e+00
  1.00, -3.070e+00,  8.724e-01,  3.231e+00
  1.00, -3.009e+00,  6.645e-01,  2.891e+00
  1.00, -2.948e+00,  3.712e-01,  2.493e+00
  1.00, -2.887e+00, -5.402e-02,  2.132e+00
  1.00, -2.825e+00, -3.603e-01,  1.856e+00
  1.00, -2.764e+00, -5.248e-01,  1.600e+00
  1.00, -2.703e+00, -7.138e-01,  1.326e+00
  1.00, -2.642e+00, -9.205e-01,  1.039e+00
  1.00, -2.580e+00, -1.133e+00,  7.294e-01
  1.00, -2.519e+00, -1.358e+00,  3.899e-01
  1.00, -2.458e+00, -1.622e+00,  9.441e-03
  1.00, -2.397e+00, -1.914e+00, -4.549e-01
  1.00, -2.336e+00, -2.356e+00, -1.058e+00
  1.00, -2.274e+00, -3.073e+00, -1.653e+00
  1.00, -2.213e+00, -3.526e+00, -2.019e+00
  1.00, -2.152e+00, -3.739e+00, -2.350e+00
  1.00, -2.091e+00, -3.984e+00, -2.731e+00
  1.00, -2.029e+00, -4.289e+00, -3.226e+00
  1.00, -1.968e+00, -4.713e+00, -3.898e+00
  1.00, -1.907e+00, -7.270e+00, -2.000e+01
  1.25, -7.907e+00,  9.445e-01,  1.091e+01
  1.25, -7.782e+00,  8.972e-01,  1.091e+01
  1.25, -7.606e+00,  9.711e-01,  1.091e+01
  1.25, -7.509e+00,  1.128e+00,  1.091e+01
  1.25, -7.384e+00,  1.446e+00,  1.091e+01
  1.25, -7.208e+00,  2.007e+00,  1.091e+01
  1.25, -7.083e+00,  2.431e+00,  1.090e+01
  1.25, -7.021e+00,  2.638e+00,  1.090e+01
  1.25, -6.999e+00,  2.711e+00,  1.090e+01
  1.25, -6.976e+00,  2.786e+00,  1.090e+01
  1.25, -6.952e+00,  2.863e+00,  1.090e+01
  1.25, -6.927e+00,  2.943e+00,  1.089e+01
  1.25, -6.899e+00,  3.032e+00,  1.089e+01
  1.25, -6.870e+00,  3.122e+00,  1.089e+01
  1.25, -6.839e+00,  3.216e+00,  1.088e+01
  1.25, -6.806e+00,  3.313e+00,  1.088e+01
  1.25, -6.769e+00,  3.418e+00,  1.087e+01
  1.25, -6.730e+00,  3.525e+00,  1.086e+01
  1.25, -6.621e+00,  3.798e+00,  1.083e+01
  1.25, -6.512e+00,  4.029e+00,  1.078e+01
  1.25, -6.404e+00,  4.214e+00,  1.070e+01
  1.25, -6.296e+00,  4.352e+00,  1.060e+01
  1.25, -6.188e+00,  4.439e+00,  1.046e+01
  1.25, -6.077e+00,  4.471e+00,  1.027e+01
  1.25, -5.971e+00,  4.443e+00,  1.005e+01
  1.25, -5.861e+00,  4.350e+00,  9.763e+00
  1.25, -5.753e+00,  4.194e+00,  9.436e+00
  1.25, -5.644e+00,  3.972e+00,  9.063e+00
  1.25, -5.535e+00,  3.691e+00,  8.670e+00
  1.25, -5.427e+00,  3.366e+00,  8.297e+00
  1.25, -5.384e+00,  3.236e+00,  8.169e+00
  1.25, -5.319e+00,  3.059e+00,  8.003e+00
  1.25, -5.249e+00,  2.918e+00,  7.844e+00
  1.25, -5.208e+00,  2.859e+00,  7.763e+00
  1.25, -5.073e+00,  2.727e+00,  7.497e+00
  1.25, -4.969e+00,  2.625e+00,  7.274e+00
  1.25, -4.954e+00,  2.588e+00,  7.246e+00
  1.25, -4.925e+00,  2.576e+00,  7.184e+00
  1.25, -4.884e+00,  2.573e+00,  7.101e+00
  1.25, -4.834e+00,  2.526e+00,  6.977e+00
  1.25, -4.788e+00,  2.355e+00,  6.881e+00
  1.25, -4.726e+00,  2.167e+00,  6.783e+00
  1.25, -4.685e+00,  2.034e+00,  6.739e+00
  1.25, -4.637e+00,  1.993e+00,  6.695e+00
  1.25, -4.577e+00,  1.991e+00,  6.645e+00
  1.25, -4.478e+00,  2.055e+00,  6.558e+00
  1.25, -4.463e+00,  2.068e+00,  6.543e+00
  1.25, -4.451e+00,  2.079e+00,  6.532e+00
  1.25, -4.432e+00,  2.096e+00,  6.512e+00
  1.25, -4.426e+00,  2.102e+00,  6.506e+00
  1.25, -4.419e+00,  2.109e+00,  6.499e+00
  1.25, -4.417e+00,  2.110e+00,  6.497e+00
  1.25, -4.412e+00,  2.115e+00,  6.491e+00
  1.25, -4.356e+00,  2.156e+00,  6.427e+00
  1.25, -4.338e+00,  2.167e+00,  6.405e+00
  1.25, -4.295e+00,  2.196e+00,  6.348e+00
  1.25, -4.234e+00,  2.216e+00,  6.258e+00
  1.25, -4.233e+00,  2.216e+00,  6.256e+00
  1.25, -4.172e+00,  2.211e+00,  6.157e+00
  1.25, -4.124e+00,  2.194e+00,  6.075e+00
  1.25, -4.111e+00,  2.188e+00,  6.052e+00
  1.25, -4.050e+00,  2.157e+00,  5.942e+00
  1.25, -4.014e+00,  2.139e+00,  5.875e+00
  1.25, -3.989e+00,  2.126e+00,  5.827e+00
  1.25, -3.927e+00,  2.088e+00,  5.703e+00
  1.25, -3.907e+00,  2.073e+00,  5.662e+00
  1.25, -3.866e+00,  2.039e+00,  5.576e+00
  1.25, -3.805e+00,  1.987e+00,  5.442e+00
  1.25, -3.782e+00,  1.967e+00,  5.390e+00
  1.25, -3.744e+00,  1.930e+00,  5.302e+00
  1.25, -3.683e+00,  1.855e+00,  5.157e+00
  1.25, -3.670e+00,  1.837e+00,  5.125e+00
  1.25, -3.621e+00,  1.768e+00,  5.008e+00
  1.25, -3.560e+00,  1.664e+00,  4.863e+00
  1.25, -3.499e+00,  1.551e+00,  4.730e+00
  1.25, -3.438e+00,  1.488e+00,  4.604e+00
  1.25, -3.376e+00,  1.455e+00,  4.468e+00
  1.25, -3.315e+00,  1.417e+00,  4.319e+00
  1.25, -3.254e+00,  1.372e+00,  4.150e+00
  1.25, -3.193e+00,  1.307e+00,  3.952e+00
  1.25, -3.131e+00,  1.207e+00,  3.713e+00
  1.25, -3.070e+00,  1.064e+00,  3.430e+00
  1.25, -3.009e+00,  8.688e-01,  3.094e+00
  1.25, -2.948e+00,  5.820e-01,  2.687e+00
  1.25, -2.887e+00,  1.399e-01,  2.312e+00
  1.25, -2.825e+00, -1.827e-01,  2.032e+00
  1.25, -2.764e+00, -3.473e-01,  1.773e+00
  1.25, -2.703e+00, -5.386e-01,  1.496e+00
  1.25, -2.642e+00, -7.500e-01,  1.206e+00
  1.25, -2.580e+00, -9.649e-01,  8.957e-01
  1.25, -2.519e+00, -1.191e+00,  5.536e-01
  1.25, -2.458e+00, -1.461e+00,  1.738e-01
  1.25, -2.397e+00, -1.748e+00, -2.872e-01
  1.25, -2.336e+00, -2.184e+00, -8.975e-01
  1.25, -2.274e+00, -2.923e+00, -1.512e+00
  1.25, -2.213e+00, -3.396e+00, -1.878e+00
  1.25, -2.152e+00, -3.601e+00, -2.200e+00
  1.25, -2.091e+00, -3.837e+00, -2.572e+00
  1.25, -2.029e+00, -4.128e+00, -3.051e+00
  1.25, -1.968e+00, -4.526e+00, -3.712e+00
  1.25, -1.907e+00, -2.000e+01, -2.000e+01
  1.50, -7.907e+00,  1.028e+00,  1.096e+01
  1.50, -7.782e+00,  9.712e-01,  1.096e+01
  1.50, -7.606e+00,  1.009e+00,  1.096e+01
  1.50, -7.509e+00,  1.140e+00,  1.096e+01
  1.50, -7.384e+00,  1.432e+00,  1.096e+01
  1.50, -7.208e+00,  1.978e+00,  1.096e+01
  1.50, -7.083e+00,  2.400e+00,  1.095e+01
  1.50, -7.021e+00,  2.611e+00,  1.095e+01
  1.50, -6.999e+00,  2.684e+00,  1.095e+01
  1.50, -6.976e+00,  2.761e+00,  1.095e+01
  1.50, -6.952e+00,  2.840e+00,  1.095e+01
  1.50, -6.927e+00,  2.921e+00,  1.094e+01
  1.50, -6.899e+00,  3.011e+00,  1.094e+01
  1.50, -6.870e+00,  3.104e+00,  1.094e+01
  1.50, -6.839e+00,  3.201e+00,  1.093e+01
  1.50, -6.806e+00,  3.302e+00,  1.093e+01
  1.50, -6.769e+00,  3.411e+00,  1.092e+01
  1.50, -6.730e+00,  3.522e+00,  1.092e+01
  1.50, -6.621e+00,  3.808e+00,  1.089e+01
  1.50, -6.512e+00,  4.053e+00,  1.084e+01
  1.50, -6.404e+00,  4.250e+00,  1.077e+01
  1.50, -6.296e+00,  4.400e+00,  1.067e+01
  1.50, -6.188e+00,  4.497e+00,  1.054e+01
  1.50, -6.077e+00,  4.541e+00,  1.036e+01
  1.50, -5.971e+00,  4.527e+00,  1.015e+01
  1.50, -5.861e+00,  4.448e+00,  9.874e+00
  1.50, -5.753e+00,  4.307e+00,  9.555e+00
  1.50, -5.644e+00,  4.094e+00,  9.185e+00
  1.50, -5.535e+00,  3.819e+00,  8.787e+00
  1.50, -5.427e+00,  3.490e+00,  8.401e+00
  1.50, -5.384e+00,  3.355e+00,  8.265e+00
  1.50, -5.319e+00,  3.165e+00,  8.091e+00
  1.50, -5.249e+00,  3.013e+00,  7.926e+00
  1.50, -5.208e+00,  2.949e+00,  7.843e+00
  1.50, -5.073e+00,  2.808e+00,  7.575e+00
  1.50, -4.969e+00,  2.705e+00,  7.348e+00
  1.50, -4.954e+00,  2.665e+00,  7.320e+00
  1.50, -4.925e+00,  2.657e+00,  7.258e+00
  1.50, -4.884e+00,  2.668e+00,  7.171e+00
  1.50, -4.834e+00,  2.630e+00,  7.037e+00
  1.50, -4.788e+00,  2.456e+00,  6.929e+00
  1.50, -4.726e+00,  2.248e+00,  6.819e+00
  1.50, -4.685e+00,  2.091e+00,  6.772e+00
  1.50, -4.637e+00,  2.035e+00,  6.726e+00
  1.50, -4.577e+00,  2.017e+00,  6.677e+00
  1.50, -4.478e+00,  2.071e+00,  6.592e+00
  1.50, -4.463e+00,  2.085e+00,  6.578e+00
  1.50, -4.451e+00,  2.096e+00,  6.566e+00
  1.50, -4.432e+00,  2.114e+00,  6.548e+00
  1.50, -4.426e+00,  2.120e+00,  6.542e+00
  1.50, -4.419e+00,  2.128e+00,  6.535e+00
  1.50, -4.417e+00,  2.130e+00,  6.533e+00
  1.50, -4.412e+00,  2.135e+00,  6.527e+00
  1.50, -4.356e+00,  2.178e+00,  6.465e+00
  1.50, -4.338e+00,  2.190e+00,  6.444e+00
  1.50, -4.295e+00,  2.223e+00,  6.389e+00
  1.50, -4.234e+00,  2.248e+00,  6.302e+00
  1.50, -4.233e+00,  2.248e+00,  6.300e+00
  1.50, -4.172e+00,  2.244e+00,  6.204e+00
  1.50, -4.124e+00,  2.230e+00,  6.125e+00
  1.50, -4.111e+00,  2.224e+00,  6.103e+00
  1.50, -4.050e+00,  2.195e+00,  5.997e+00
  1.50, -4.014e+00,  2.179e+00,  5.932e+00
  1.50, -3.989e+00,  2.168e+00,  5.886e+00
  1.50, -3.927e+00,  2.134e+00,  5.767e+00
  1.50, -3.907e+00,  2.120e+00,  5.727e+00
  1.50, -3.866e+00,  2.088e+00,  5.645e+00
  1.50, -3.805e+00,  2.041e+00,  5.518e+00
  1.50, -3.782e+00,  2.024e+00,  5.469e+00
  1.50, -3.744e+00,  1.992e+00,  5.385e+00
  1.50, -3.683e+00,  1.927e+00,  5.245e+00
  1.50, -3.670e+00,  1.910e+00,  5.215e+00
  1.50, -3.621e+00,  1.847e+00,  5.102e+00
  1.50, -3.560e+00,  1.749e+00,  4.962e+00
  1.50, -3.499e+00,  1.634e+00,  4.834e+00
  1.50, -3.438e+00,  1.571e+00,  4.715e+00
  1.50, -3.376e+00,  1.548e+00,  4.587e+00
  1.50, -3.315e+00,  1.522e+00,  4.446e+00
  1.50, -3.254e+00,  1.485e+00,  4.285e+00
  1.50, -3.193e+00,  1.430e+00,  4.096e+00
  1.50, -3.131e+00,  1.346e+00,  3.867e+00
  1.50, -3.070e+00,  1.216e+00,  3.592e+00
  1.50, -3.009e+00,  1.034e+00,  3.260e+00
  1.50, -2.948e+00,  7.548e-01,  2.849e+00
  1.50, -2.887e+00,  3.052e-01,  2.461e+00
  1.50, -2.825e+00, -3.944e-02,  2.174e+00
  1.50, -2.764e+00, -2.023e-01,  1.914e+00
  1.50, -2.703e+00, -3.957e-01,  1.635e+00
  1.50, -2.642e+00, -6.096e-01,  1.343e+00
  1.50, -2.580e+00, -8.280e-01,  1.030e+00
  1.50, -2.519e+00, -1.055e+00,  6.866e-01
  1.50, -2.458e+00, -1.328e+00,  3.028e-01
  1.50, -2.397e+00, -1.621e+00, -1.575e-01
  1.50, -2.336e+00, -2.050e+00, -7.705e-01
  1.50, -2.274e+00, -2.800e+00, -1.402e+00
  1.50, -2.213e+00, -3.297e+00, -1.771e+00
  1.50, -2.152e+00, -3.496e+00, -2.086e+00
  1.50, -2.091e+00, -3.723e+00, -2.452e+00
  1.50, -2.029e+00, -4.009e+00, -2.924e+00
  1.50, -1.968e+00, -4.395e+00, -3.580e+00
  1.50, -1.907e+00, -7.006e+00, -2.000e+01
  2.00, -7.907e+00,  1.125e+00,  1.101e+01
  2.00, -7.782e+00,  1.057e+00,  1.101e+01
  2.00, -7.606e+00,  1.051e+00,  1.100e+01
  2.00, -7.509e+00,  1.144e+00,  1.100e+01
  2.00, -7.384e+00,  1.393e+00,  1.100e+01
  2.00, -7.208e+00,  1.912e+00,  1.100e+01
  2.00, -7.083e+00,  2.330e+00,  1.100e+01
  2.00, -7.021e+00,  2.542e+00,  1.100e+01
  2.00, -6.999e+00,  2.618e+00,  1.100e+01
  2.00, -6.976e+00,  2.697e+00,  1.100e+01
  2.00, -6.952e+00,  2.778e+00,  1.099e+01
  2.00, -6.927e+00,  2.862e+00,  1.099e+01
  2.00, -6.899e+00,  2.956e+00,  1.099e+01
  2.00, -6.870e+00,  3.051e+00,  1.099e+01
  2.00, -6.839e+00,  3.151e+00,  1.099e+01
  2.00, -6.806e+00,  3.256e+00,  1.098e+01
  2.00, -6.769e+00,  3.371e+00,  1.098e+01
  2.00, -6.730e+00,  3.490e+00,  1.097e+01
  2.00, -6.621e+00,  3.795e+00,  1.095e+01
  2.00, -6.512e+00,  4.061e+00,  1.091e+01
  2.00, -6.404e+00,  4.280e+00,  1.084e+01
  2.00, -6.296e+00,  4.445e+00,  1.075e+01
  2.00, -6.188e+00,  4.559e+00,  1.063e+01
  2.00, -6.077e+00,  4.617e+00,  1.047e+01
  2.00, -5.971e+00,  4.619e+00,  1.027e+01
  2.00, -5.861e+00,  4.561e+00,  1.001e+01
  2.00, -5.753e+00,  4.440e+00,  9.698e+00
  2.00, -5.644e+00,  4.241e+00,  9.333e+00
  2.00, -5.535e+00,  3.973e+00,  8.932e+00
  2.00, -5.427e+00,  3.645e+00,  8.531e+00
  2.00, -5.384e+00,  3.506e+00,  8.386e+00
  2.00, -5.319e+00,  3.302e+00,  8.200e+00
  2.00, -5.249e+00,  3.125e+00,  8.027e+00
  2.00, -5.208e+00,  3.054e+00,  7.944e+00
  2.00, -5.073e+00,  2.916e+00,  7.670e+00
  2.00, -4.969e+00,  2.795e+00,  7.437e+00
  2.00, -4.954e+00,  2.747e+00,  7.411e+00
  2.00, -4.925e+00,  2.750e+00,  7.347e+00
  2.00, -4.884e+00,  2.783e+00,  7.259e+00
  2.00, -4.834e+00,  2.769e+00,  7.108e+00
  2.00, -4.788e+00,  2.588e+00,  6.981e+00
  2.00, -4.726e+00,  2.360e+00,  6.846e+00
  2.00, -4.685e+00,  2.162e+00,  6.792e+00
  2.00, -4.637e+00,  2.078e+00,  6.741e+00
  2.00, -4.577e+00,  2.030e+00,  6.690e+00
  2.00, -4.478e+00,  2.059e+00,  6.608e+00
  2.00, -4.463e+00,  2.073e+00,  6.595e+00
  2.00, -4.451e+00,  2.084e+00,  6.585e+00
  2.00, -4.432e+00,  2.103e+00,  6.567e+00
  2.00, -4.426e+00,  2.109e+00,  6.562e+00
  2.00, -4.419e+00,  2.117e+00,  6.555e+00
  2.00, -4.417e+00,  2.119e+00,  6.553e+00
  2.00, -4.412e+00,  2.124e+00,  6.548e+00
  2.00, -4.356e+00,  2.171e+00,  6.491e+00
  2.00, -4.338e+00,  2.184e+00,  6.471e+00
  2.00, -4.295e+00,  2.222e+00,  6.420e+00
  2.00, -4.234e+00,  2.258e+00,  6.338e+00
  2.00, -4.233e+00,  2.259e+00,  6.336e+00
  2.00, -4.172e+00,  2.261e+00,  6.246e+00
  2.00, -4.124e+00,  2.248e+00,  6.171e+00
  2.00, -4.111e+00,  2.243e+00,  6.150e+00
  2.00, -4.050e+00,  2.218e+00,  6.051e+00
  2.00, -4.014e+00,  2.205e+00,  5.991e+00
  2.00, -3.989e+00,  2.197e+00,  5.949e+00
  2.00, -3.927e+00,  2.173e+00,  5.838e+00
  2.00, -3.907e+00,  2.162e+00,  5.801e+00
  2.00, -3.866e+00,  2.134e+00,  5.725e+00
  2.00, -3.805e+00,  2.093e+00,  5.608e+00
  2.00, -3.782e+00,  2.080e+00,  5.563e+00
  2.00, -3.744e+00,  2.054e+00,  5.486e+00
  2.00, -3.683e+00,  2.004e+00,  5.359e+00
  2.00, -3.670e+00,  1.992e+00,  5.331e+00
  2.00, -3.621e+00,  1.943e+00,  5.225e+00
  2.00, -3.560e+00,  1.856e+00,  5.093e+00
  2.00, -3.499e+00,  1.741e+00,  4.973e+00
  2.00, -3.438e+00,  1.677e+00,  4.864e+00
  2.00, -3.376e+00,  1.663e+00,  4.749e+00
  2.00, -3.315e+00,  1.657e+00,  4.622e+00
  2.00, -3.254e+00,  1.642e+00,  4.473e+00
  2.00, -3.193e+00,  1.600e+00,  4.298e+00
  2.00, -3.131e+00,  1.536e+00,  4.084e+00
  2.00, -3.070e+00,  1.429e+00,  3.824e+00
  2.00, -3.009e+00,  1.270e+00,  3.502e+00
  2.00, -2.948e+00,  1.006e+00,  3.085e+00
  2.00, -2.887e+00,  5.444e-01,  2.679e+00
  2.00, -2.825e+00,  1.728e-01,  2.385e+00
  2.00, -2.764e+00,  1.132e-02,  2.124e+00
  2.00, -2.703e+00, -1.834e-01,  1.841e+00
  2.00, -2.642e+00, -4.038e-01,  1.545e+00
  2.00, -2.580e+00, -6.249e-01,  1.230e+00
  2.00, -2.519e+00, -8.554e-01,  8.836e-01
  2.00, -2.458e+00, -1.130e+00,  4.978e-01
  2.00, -2.397e+00, -1.424e+00,  3.006e-02
  2.00, -2.336e+00, -1.865e+00, -5.979e-01
  2.00, -2.274e+00, -2.641e+00, -1.247e+00
  2.00, -2.213e+00, -3.152e+00, -1.613e+00
  2.00, -2.152e+00, -3.344e+00, -1.919e+00
  2.00, -2.091e+00, -3.556e+00, -2.271e+00
  2.00, -2.029e+00, -3.822e+00, -2.737e+00
  2.00, -1.968e+00, -4.207e+00, -3.392e+00
  2.00, -1.907e+00, -6.914e+00, -2.000e+01
  2.50, -7.907e+00,  1.148e+00,  1.100e+01
  2.50, -7.782e+00,  1.076e+00,  1.100e+01
  2.50, -7.606e+00,  1.047e+00,  1.100e+01
  2.50, -7.509e+00,  1.115e+00,  1.100e+01
  2.50, -7.384e+00,  1.336e+00,  1.100e+01
  2.50, -7.208e+00,  1.833e+00,  1.100e+01
  2.50, -7.083e+00,  2.246e+00,  1.100e+01
  2.50, -7.021e+00,  2.459e+00,  1.100e+01
  2.50, -6.999e+00,  2.535e+00,  1.100e+01
  2.50, -6.976e+00,  2.614e+00,  1.100e+01
  2.50, -6.952e+00,  2.696e+00,  1.099e+01
  2.50, -6.927e+00,  2.783e+00,  1.099e+01
  2.50, -6.899e+00,  2.879e+00,  1.099e+01
  2.50, -6.870e+00,  2.977e+00,  1.099e+01
  2.50, -6.839e+00,  3.080e+00,  1.099e+01
  2.50, -6.806e+00,  3.188e+00,  1.098e+01
  2.50, -6.769e+00,  3.306e+00,  1.098e+01
  2.50, -6.730e+00,  3.429e+00,  1.097e+01
  2.50, -6.621e+00,  3.750e+00,  1.095e+01
  2.50, -6.512e+00,  4.033e+00,  1.092e+01
  2.50, -6.404e+00,  4.267e+00,  1.086e+01
  2.50, -6.296e+00,  4.446e+00,  1.077e+01
  2.50, -6.188e+00,  4.568e+00,  1.066e+01
  2.50, -6.077e+00,  4.633e+00,  1.049e+01
  2.50, -5.971e+00,  4.639e+00,  1.030e+01
  2.50, -5.861e+00,  4.592e+00,  1.005e+01
  2.50, -5.753e+00,  4.480e+00,  9.747e+00
  2.50, -5.644e+00,  4.291e+00,  9.386e+00
  2.50, -5.535e+00,  4.028e+00,  8.986e+00
  2.50, -5.427e+00,  3.705e+00,  8.580e+00
  2.50, -5.384e+00,  3.562e+00,  8.430e+00
  2.50, -5.319e+00,  3.356e+00,  8.240e+00
  2.50, -5.249e+00,  3.170e+00,  8.060e+00
  2.50, -5.208e+00,  3.091e+00,  7.977e+00
  2.50, -5.073e+00,  2.953e+00,  7.703e+00
  2.50, -4.969e+00,  2.822e+00,  7.464e+00
  2.50, -4.954e+00,  2.761e+00,  7.440e+00
  2.50, -4.925e+00,  2.767e+00,  7.377e+00
  2.50, -4.884e+00,  2.826e+00,  7.292e+00
  2.50, -4.834e+00,  2.836e+00,  7.128e+00
  2.50, -4.788e+00,  2.652e+00,  6.984e+00
  2.50, -4.726e+00,  2.416e+00,  6.826e+00
  2.50, -4.685e+00,  2.188e+00,  6.762e+00
  2.50, -4.637e+00,  2.080e+00,  6.705e+00
  2.50, -4.577e+00,  2.000e+00,  6.652e+00
  2.50, -4.478e+00,  2.000e+00,  6.571e+00
  2.50, -4.463e+00,  2.011e+00,  6.559e+00
  2.50, -4.451e+00,  2.021e+00,  6.549e+00
  2.50, -4.432e+00,  2.039e+00,  6.533e+00
  2.50, -4.426e+00,  2.046e+00,  6.528e+00
  2.50, -4.419e+00,  2.054e+00,  6.522e+00
  2.50, -4.417e+00,  2.056e+00,  6.520e+00
  2.50, -4.412e+00,  2.062e+00,  6.515e+00
  2.50, -4.356e+00,  2.109e+00,  6.462e+00
  2.50, -4.338e+00,  2.123e+00,  6.443e+00
  2.50, -4.295e+00,  2.167e+00,  6.396e+00
  2.50, -4.234e+00,  2.210e+00,  6.320e+00
  2.50, -4.233e+00,  2.211e+00,  6.318e+00
  2.50, -4.172e+00,  2.221e+00,  6.233e+00
  2.50, -4.124e+00,  2.215e+00,  6.163e+00
  2.50, -4.111e+00,  2.210e+00,  6.143e+00
  2.50, -4.050e+00,  2.187e+00,  6.050e+00
  2.50, -4.014e+00,  2.177e+00,  5.995e+00
  2.50, -3.989e+00,  2.173e+00,  5.955e+00
  2.50, -3.927e+00,  2.154e+00,  5.853e+00
  2.50, -3.907e+00,  2.145e+00,  5.818e+00
  2.50, -3.866e+00,  2.123e+00,  5.748e+00
  2.50, -3.805e+00,  2.092e+00,  5.639e+00
  2.50, -3.782e+00,  2.082e+00,  5.598e+00
  2.50, -3.744e+00,  2.061e+00,  5.526e+00
  2.50, -3.683e+00,  2.021e+00,  5.409e+00
  2.50, -3.670e+00,  2.011e+00,  5.383e+00
  2.50, -3.621e+00,  1.972e+00,  5.285e+00
  2.50, -3.560e+00,  1.900e+00,  5.160e+00
  2.50, -3.499e+00,  1.787e+00,  5.047e+00
  2.50, -3.438e+00,  1.723e+00,  4.945e+00
  2.50, -3.376e+00,  1.717e+00,  4.840e+00
  2.50, -3.315e+00,  1.717e+00,  4.723e+00
  2.50, -3.254e+00,  1.719e+00,  4.589e+00
  2.50, -3.193e+00,  1.705e+00,  4.424e+00
  2.50, -3.131e+00,  1.650e+00,  4.221e+00
  2.50, -3.070e+00,  1.559e+00,  3.972e+00
  2.50, -3.009e+00,  1.418e+00,  3.662e+00
  2.50, -2.948e+00,  1.174e+00,  3.246e+00
  2.50, -2.887e+00,  7.067e-01,  2.828e+00
  2.50, -2.825e+00,  3.175e-01,  2.530e+00
  2.50, -2.764e+00,  1.587e-01,  2.267e+00
  2.50, -2.703e+00, -3.856e-02,  1.981e+00
  2.50, -2.642e+00, -2.616e-01,  1.682e+00
  2.50, -2.580e+00, -4.889e-01,  1.365e+00
  2.50, -2.519e+00, -7.208e-01,  1.017e+00
  2.50, -2.458e+00, -9.999e-01,  6.337e-01
  2.50, -2.397e+00, -1.285e+00,  1.714e-01
  2.50, -2.336e+00, -1.718e+00, -4.621e-01
  2.50, -2.274e+00, -2.514e+00, -1.136e+00
  2.50, -2.213e+00, -3.054e+00, -1.510e+00
  2.50, -2.152e+00, -3.247e+00, -1.809e+00
  2.50, -2.091e+00, -3.450e+00, -2.149e+00
  2.50, -2.029e+00, -3.698e+00, -2.596e+00
  2.50, -1.968e+00, -4.055e+00, -3.241e+00
  2.50, -1.907e+00, -2.000e+01, -2.000e+01
  3.00, -7.907e+00,  1.121e+00,  1.097e+01
  3.00, -7.782e+00,  1.045e+00,  1.097e+01
  3.00, -7.606e+00,  1.003e+00,  1.096e+01
  3.00, -7.509e+00,  1.056e+00,  1.096e+01
  3.00, -7.384e+00,  1.256e+00,  1.096e+01
  3.00, -7.208e+00,  1.738e+00,  1.096e+01
  3.00, -7.083e+00,  2.147e+00,  1.096e+01
  3.00, -7.021e+00,  2.359e+00,  1.096e+01
  3.00, -6.999e+00,  2.436e+00,  1.096e+01
  3.00, -6.976e+00,  2.515e+00,  1.096e+01
  3.00, -6.952e+00,  2.599e+00,  1.096e+01
  3.00, -6.927e+00,  2.686e+00,  1.096e+01
  3.00, -6.899e+00,  2.783e+00,  1.095e+01
  3.00, -6.870e+00,  2.884e+00,  1.095e+01
  3.00, -6.839e+00,  2.990e+00,  1.095e+01
  3.00, -6.806e+00,  3.101e+00,  1.095e+01
  3.00, -6.769e+00,  3.223e+00,  1.094e+01
  3.00, -6.730e+00,  3.348e+00,  1.094e+01
  3.00, -6.621e+00,  3.680e+00,  1.092e+01
  3.00, -6.512e+00,  3.975e+00,  1.088e+01
  3.00, -6.404e+00,  4.222e+00,  1.083e+01
  3.00, -6.296e+00,  4.413e+00,  1.075e+01
  3.00, -6.188e+00,  4.540e+00,  1.063e+01
  3.00, -6.077e+00,  4.608e+00,  1.047e+01
  3.00, -5.971e+00,  4.613e+00,  1.028e+01
  3.00, -5.861e+00,  4.566e+00,  1.003e+01
  3.00, -5.753e+00,  4.460e+00,  9.734e+00
  3.00, -5.644e+00,  4.278e+00,  9.378e+00
  3.00, -5.535e+00,  4.023e+00,  8.981e+00
  3.00, -5.427e+00,  3.702e+00,  8.573e+00
  3.00, -5.384e+00,  3.561e+00,  8.423e+00
  3.00, -5.319e+00,  3.344e+00,  8.227e+00
  3.00, -5.249e+00,  3.159e+00,  8.054e+00
  3.00, -5.208e+00,  3.091e+00,  7.962e+00
  3.00, -5.073e+00,  2.929e+00,  7.690e+00
  3.00, -4.969e+00,  2.810e+00,  7.449e+00
  3.00, -4.954e+00,  2.743e+00,  7.426e+00
  3.00, -4.925e+00,  2.744e+00,  7.363e+00
  3.00, -4.884e+00,  2.812e+00,  7.280e+00
  3.00, -4.834e+00,  2.845e+00,  7.110e+00
  3.00, -4.788e+00,  2.669e+00,  6.954e+00
  3.00, -4.726e+00,  2.429e+00,  6.773e+00
  3.00, -4.685e+00,  2.181e+00,  6.700e+00
  3.00, -4.637e+00,  2.055e+00,  6.636e+00
  3.00, -4.577e+00,  1.944e+00,  6.579e+00
  3.00, -4.478e+00,  1.911e+00,  6.499e+00
  3.00, -4.463e+00,  1.920e+00,  6.487e+00
  3.00, -4.451e+00,  1.928e+00,  6.478e+00
  3.00, -4.432e+00,  1.944e+00,  6.462e+00
  3.00, -4.426e+00,  1.949e+00,  6.457e+00
  3.00, -4.419e+00,  1.957e+00,  6.452e+00
  3.00, -4.417e+00,  1.959e+00,  6.450e+00
  3.00, -4.412e+00,  1.964e+00,  6.446e+00
  3.00, -4.356e+00,  2.014e+00,  6.395e+00
  3.00, -4.338e+00,  2.028e+00,  6.378e+00
  3.00, -4.295e+00,  2.074e+00,  6.334e+00
  3.00, -4.234e+00,  2.124e+00,  6.263e+00
  3.00, -4.233e+00,  2.125e+00,  6.262e+00
  3.00, -4.172e+00,  2.140e+00,  6.182e+00
  3.00, -4.124e+00,  2.141e+00,  6.116e+00
  3.00, -4.111e+00,  2.138e+00,  6.098e+00
  3.00, -4.050e+00,  2.120e+00,  6.011e+00
  3.00, -4.014e+00,  2.112e+00,  5.958e+00
  3.00, -3.989e+00,  2.109e+00,  5.921e+00
  3.00, -3.927e+00,  2.098e+00,  5.826e+00
  3.00, -3.907e+00,  2.090e+00,  5.794e+00
  3.00, -3.866e+00,  2.070e+00,  5.728e+00
  3.00, -3.805e+00,  2.046e+00,  5.628e+00
  3.00, -3.782e+00,  2.040e+00,  5.590e+00
  3.00, -3.744e+00,  2.028e+00,  5.523e+00
  3.00, -3.683e+00,  1.994e+00,  5.413e+00
  3.00, -3.670e+00,  1.986e+00,  5.389e+00
  3.00, -3.621e+00,  1.957e+00,  5.297e+00
  3.00, -3.560e+00,  1.893e+00,  5.181e+00
  3.00, -3.499e+00,  1.789e+00,  5.073e+00
  3.00, -3.438e+00,  1.726e+00,  4.979e+00
  3.00, -3.376e+00,  1.726e+00,  4.880e+00
  3.00, -3.315e+00,  1.732e+00,  4.773e+00
  3.00, -3.254e+00,  1.740e+00,  4.648e+00
  3.00, -3.193e+00,  1.745e+00,  4.499e+00
  3.00, -3.131e+00,  1.722e+00,  4.304e+00
  3.00, -3.070e+00,  1.634e+00,  4.064e+00
  3.00, -3.009e+00,  1.509e+00,  3.763e+00
  3.00, -2.948e+00,  1.279e+00,  3.354e+00
  3.00, -2.887e+00,  8.243e-01,  2.931e+00
  3.00, -2.825e+00,  4.136e-01,  2.627e+00
  3.00, -2.764e+00,  2.570e-01,  2.363e+00
  3.00, -2.703e+00,  6.025e-02,  2.075e+00
  3.00, -2.642e+00, -1.689e-01,  1.774e+00
  3.00, -2.580e+00, -3.940e-01,  1.453e+00
  3.00, -2.519e+00, -6.325e-01,  1.102e+00
  3.00, -2.458e+00, -9.162e-01,  7.154e-01
  3.00, -2.397e+00, -1.205e+00,  2.547e-01
  3.00, -2.336e+00, -1.629e+00, -3.826e-01
  3.00, -2.274e+00, -2.440e+00, -1.081e+00
  3.00, -2.213e+00, -3.017e+00, -1.463e+00
  3.00, -2.152e+00, -3.196e+00, -1.760e+00
  3.00, -2.091e+00, -3.407e+00, -2.100e+00
  3.00, -2.029e+00, -3.649e+00, -2.537e+00
  3.00, -1.968e+00, -3.990e+00, -3.175e+00
  3.00, -1.907e+00, -6.761e+00, -2.000e+01
  4.00, -7.907e+00,  9.721e-01,  1.082e+01
  4.00, -7.782e+00,  8.906e-01,  1.081e+01
  4.00, -7.606e+00,  8.320e-01,  1.081e+01
  4.00, -7.509e+00,  8.690e-01,  1.081e+01
  4.00, -7.384e+00,  1.039e+00,  1.081e+01
  4.00, -7.208e+00,  1.504e+00,  1.081e+01
  4.00, -7.083e+00,  1.909e+00,  1.081e+01
  4.00, -7.021e+00,  2.121e+00,  1.081e+01
  4.00, -6.999e+00,  2.196e+00,  1.081e+01
  4.00, -6.976e+00,  2.276e+00,  1.081e+01
  4.00, -6.952e+00,  2.361e+00,  1.081e+01
  4.00, -6.927e+00,  2.449e+00,  1.081e+01
  4.00, -6.899e+00,  2.549e+00,  1.081e+01
  4.00, -6.870e+00,  2.651e+00,  1.080e+01
  4.00, -6.839e+00,  2.760e+00,  1.080e+01
  4.00, -6.806e+00,  2.874e+00,  1.080e+01
  4.00, -6.769e+00,  3.003e+00,  1.080e+01
  4.00, -6.730e+00,  3.135e+00,  1.079e+01
  4.00, -6.621e+00,  3.480e+00,  1.078e+01
  4.00, -6.512e+00,  3.797e+00,  1.074e+01
  4.00, -6.404e+00,  4.063e+00,  1.069e+01
  4.00, -6.296e+00,  4.274e+00,  1.061e+01
  4.00, -6.188e+00,  4.414e+00,  1.050e+01
  4.00, -6.077e+00,  4.481e+00,  1.033e+01
  4.00, -5.971e+00,  4.476e+00,  1.013e+01
  4.00, -5.861e+00,  4.416e+00,  9.886e+00
  4.00, -5.753e+00,  4.311e+00,  9.595e+00
  4.00, -5.644e+00,  4.139e+00,  9.247e+00
  4.00, -5.535e+00,  3.892e+00,  8.854e+00
  4.00, -5.427e+00,  3.578e+00,  8.451e+00
  4.00, -5.384e+00,  3.437e+00,  8.297e+00
  4.00, -5.319e+00,  3.222e+00,  8.107e+00
  4.00, -5.249e+00,  3.039e+00,  7.923e+00
  4.00, -5.208e+00,  2.948e+00,  7.844e+00
  4.00, -5.073e+00,  2.815e+00,  7.577e+00
  4.00, -4.969e+00,  2.681e+00,  7.345e+00
  4.00, -4.954e+00,  2.628e+00,  7.328e+00
  4.00, -4.925e+00,  2.649e+00,  7.260e+00
  4.00, -4.884e+00,  2.705e+00,  7.183e+00
  4.00, -4.834e+00,  2.777e+00,  7.004e+00
  4.00, -4.788e+00,  2.600e+00,  6.833e+00
  4.00, -4.726e+00,  2.365e+00,  6.618e+00
  4.00, -4.685e+00,  2.098e+00,  6.529e+00
  4.00, -4.637e+00,  1.951e+00,  6.450e+00
  4.00, -4.577e+00,  1.791e+00,  6.384e+00
  4.00, -4.478e+00,  1.693e+00,  6.302e+00
  4.00, -4.463e+00,  1.694e+00,  6.291e+00
  4.00, -4.451e+00,  1.696e+00,  6.282e+00
  4.00, -4.432e+00,  1.706e+00,  6.268e+00
  4.00, -4.426e+00,  1.710e+00,  6.263e+00
  4.00, -4.419e+00,  1.716e+00,  6.258e+00
  4.00, -4.417e+00,  1.718e+00,  6.257e+00
  4.00, -4.412e+00,  1.723e+00,  6.253e+00
  4.00, -4.356e+00,  1.769e+00,  6.208e+00
  4.00, -4.338e+00,  1.785e+00,  6.193e+00
  4.00, -4.295e+00,  1.839e+00,  6.155e+00
  4.00, -4.234e+00,  1.902e+00,  6.092e+00
  4.00, -4.233e+00,  1.903e+00,  6.091e+00
  4.00, -4.172e+00,  1.925e+00,  6.020e+00
  4.00, -4.124e+00,  1.932e+00,  5.962e+00
  4.00, -4.111e+00,  1.931e+00,  5.946e+00
  4.00, -4.050e+00,  1.925e+00,  5.869e+00
  4.00, -4.014e+00,  1.926e+00,  5.822e+00
  4.00, -3.989e+00,  1.927e+00,  5.789e+00
  4.00, -3.927e+00,  1.923e+00,  5.704e+00
  4.00, -3.907e+00,  1.919e+00,  5.676e+00
  4.00, -3.866e+00,  1.906e+00,  5.618e+00
  4.00, -3.805e+00,  1.887e+00,  5.530e+00
  4.00, -3.782e+00,  1.883e+00,  5.497e+00
  4.00, -3.744e+00,  1.878e+00,  5.440e+00
  4.00, -3.683e+00,  1.871e+00,  5.344e+00
  4.00, -3.670e+00,  1.869e+00,  5.323e+00
  4.00, -3.621e+00,  1.855e+00,  5.241e+00
  4.00, -3.560e+00,  1.805e+00,  5.135e+00
  4.00, -3.499e+00,  1.709e+00,  5.038e+00
  4.00, -3.438e+00,  1.648e+00,  4.953e+00
  4.00, -3.376e+00,  1.661e+00,  4.866e+00
  4.00, -3.315e+00,  1.673e+00,  4.770e+00
  4.00, -3.254e+00,  1.691e+00,  4.663e+00
  4.00, -3.193e+00,  1.710e+00,  4.533e+00
  4.00, -3.131e+00,  1.719e+00,  4.370e+00
  4.00, -3.070e+00,  1.696e+00,  4.152e+00
  4.00, -3.009e+00,  1.597e+00,  3.864e+00
  4.00, -2.948e+00,  1.384e+00,  3.462e+00
  4.00, -2.887e+00,  9.381e-01,  3.037e+00
  4.00, -2.825e+00,  5.151e-01,  2.731e+00
  4.00, -2.764e+00,  3.620e-01,  2.467e+00
  4.00, -2.703e+00,  1.627e-01,  2.179e+00
  4.00, -2.642e+00, -6.286e-02,  1.877e+00
  4.00, -2.580e+00, -2.947e-01,  1.556e+00
  4.00, -2.519e+00, -5.297e-01,  1.209e+00
  4.00, -2.458e+00, -8.019e-01,  8.182e-01
  4.00, -2.397e+00, -1.104e+00,  3.475e-01
  4.00, -2.336e+00, -1.537e+00, -3.069e-01
  4.00, -2.274e+00, -2.378e+00, -1.049e+00
  4.00, -2.213e+00, -3.013e+00, -1.450e+00
  4.00, -2.152e+00, -3.193e+00, -1.732e+00
  4.00, -2.091e+00, -3.369e+00, -2.068e+00
  4.00, -2.029e+00, -3.622e+00, -2.505e+00
  4.00, -1.968e+00, -3.953e+00, -3.139e+00
  4.00, -1.907e+00, -6.809e+00, -2.000e+01
  5.00, -7.907e+00,  7.300e-01,  1.058e+01
  5.00, -7.782e+00,  6.446e-01,  1.058e+01
  5.00, -7.606e+00,  5.754e-01,  1.058e+01
  5.00, -7.509e+00,  5.988e-01,  1.058e+01
  5.00, -7.384e+00,  7.492e-01,  1.058e+01
  5.00, -7.208e+00,  1.198e+00,  1.058e+01
  5.00, -7.083e+00,  1.603e+00,  1.058e+01
  5.00, -7.021e+00,  1.814e+00,  1.058e+01
  5.00, -6.999e+00,  1.891e+00,  1.058e+01
  5.00, -6.976e+00,  1.970e+00,  1.058e+01
  5.00, -6.952e+00,  2.056e+00,  1.058e+01
  5.00, -6.927e+00,  2.141e+00,  1.058e+01
  5.00, -6.899e+00,  2.243e+00,  1.057e+01
  5.00, -6.870e+00,  2.346e+00,  1.057e+01
  5.00, -6.839e+00,  2.459e+00,  1.057e+01
  5.00, -6.806e+00,  2.576e+00,  1.057e+01
  5.00, -6.769e+00,  2.708e+00,  1.057e+01
  5.00, -6.730e+00,  2.841e+00,  1.056e+01
  5.00, -6.621e+00,  3.203e+00,  1.055e+01
  5.00, -6.512e+00,  3.532e+00,  1.052e+01
  5.00, -6.404e+00,  3.819e+00,  1.047e+01
  5.00, -6.296e+00,  4.048e+00,  1.040e+01
  5.00, -6.188e+00,  4.205e+00,  1.028e+01
  5.00, -6.077e+00,  4.276e+00,  1.011e+01
  5.00, -5.971e+00,  4.264e+00,  9.899e+00
  5.00, -5.861e+00,  4.178e+00,  9.643e+00
  5.00, -5.753e+00,  4.060e+00,  9.355e+00
  5.00, -5.644e+00,  3.895e+00,  9.014e+00
  5.00, -5.535e+00,  3.654e+00,  8.637e+00
  5.00, -5.427e+00,  3.357e+00,  8.250e+00
  5.00, -5.384e+00,  3.220e+00,  8.109e+00
  5.00, -5.319e+00,  3.014e+00,  7.924e+00
  5.00, -5.249e+00,  2.861e+00,  7.761e+00
  5.00, -5.208e+00,  2.798e+00,  7.664e+00
  5.00, -5.073e+00,  2.650e+00,  7.392e+00
  5.00, -4.969e+00,  2.446e+00,  7.130e+00
  5.00, -4.954e+00,  2.271e+00,  7.120e+00
  5.00, -4.925e+00,  2.250e+00,  7.071e+00
  5.00, -4.884e+00,  2.493e+00,  7.019e+00
  5.00, -4.834e+00,  2.635e+00,  6.834e+00
  5.00, -4.788e+00,  2.441e+00,  6.658e+00
  5.00, -4.726e+00,  2.237e+00,  6.423e+00
  5.00, -4.685e+00,  1.979e+00,  6.316e+00
  5.00, -4.637e+00,  1.815e+00,  6.217e+00
  5.00, -4.577e+00,  1.614e+00,  6.137e+00
  5.00, -4.478e+00,  1.440e+00,  6.047e+00
  5.00, -4.463e+00,  1.436e+00,  6.036e+00
  5.00, -4.451e+00,  1.433e+00,  6.027e+00
  5.00, -4.432e+00,  1.432e+00,  6.014e+00
  5.00, -4.426e+00,  1.433e+00,  6.010e+00
  5.00, -4.419e+00,  1.438e+00,  6.004e+00
  5.00, -4.417e+00,  1.439e+00,  6.003e+00
  5.00, -4.412e+00,  1.441e+00,  5.999e+00
  5.00, -4.356e+00,  1.458e+00,  5.960e+00
  5.00, -4.338e+00,  1.479e+00,  5.947e+00
  5.00, -4.295e+00,  1.541e+00,  5.913e+00
  5.00, -4.234e+00,  1.616e+00,  5.858e+00
  5.00, -4.233e+00,  1.617e+00,  5.856e+00
  5.00, -4.172e+00,  1.660e+00,  5.793e+00
  5.00, -4.124e+00,  1.667e+00,  5.739e+00
  5.00, -4.111e+00,  1.665e+00,  5.725e+00
  5.00, -4.050e+00,  1.662e+00,  5.656e+00
  5.00, -4.014e+00,  1.668e+00,  5.615e+00
  5.00, -3.989e+00,  1.674e+00,  5.584e+00
  5.00, -3.927e+00,  1.689e+00,  5.509e+00
  5.00, -3.907e+00,  1.687e+00,  5.481e+00
  5.00, -3.866e+00,  1.674e+00,  5.430e+00
  5.00, -3.805e+00,  1.660e+00,  5.349e+00
  5.00, -3.782e+00,  1.659e+00,  5.322e+00
  5.00, -3.744e+00,  1.657e+00,  5.268e+00
  5.00, -3.683e+00,  1.649e+00,  5.187e+00
  5.00, -3.670e+00,  1.650e+00,  5.166e+00
  5.00, -3.621e+00,  1.665e+00,  5.097e+00
  5.00, -3.560e+00,  1.660e+00,  4.994e+00
  5.00, -3.499e+00,  1.538e+00,  4.902e+00
  5.00, -3.438e+00,  1.479e+00,  4.824e+00
  5.00, -3.376e+00,  1.493e+00,  4.745e+00
  5.00, -3.315e+00,  1.519e+00,  4.658e+00
  5.00, -3.254e+00,  1.536e+00,  4.563e+00
  5.00, -3.193e+00,  1.563e+00,  4.449e+00
  5.00, -3.131e+00,  1.588e+00,  4.310e+00
  5.00, -3.070e+00,  1.584e+00,  4.128e+00
  5.00, -3.009e+00,  1.575e+00,  3.888e+00
  5.00, -2.948e+00,  1.438e+00,  3.478e+00
  5.00, -2.887e+00,  9.303e-01,  3.030e+00
  5.00, -2.825e+00,  4.946e-01,  2.731e+00
  5.00, -2.764e+00,  3.617e-01,  2.478e+00
  5.00, -2.703e+00,  1.766e-01,  2.191e+00
  5.00, -2.642e+00, -6.369e-02,  1.895e+00
  5.00, -2.580e+00, -2.760e-01,  1.593e+00
  5.00, -2.519e+00, -4.962e-01,  1.245e+00
  5.00, -2.458e+00, -7.916e-01,  8.941e-01
  5.00, -2.397e+00, -9.942e-01,  4.430e-01
  5.00, -2.336e+00, -1.443e+00, -2.441e-01
  5.00, -2.274e+00, -2.355e+00, -1.065e+00
  5.00, -2.213e+00, -3.063e+00, -1.490e+00
  5.00, -2.152e+00, -3.244e+00, -1.770e+00
  5.00, -2.091e+00, -3.419e+00, -2.075e+00
  5.00, -2.029e+00, -3.606e+00, -2.508e+00
  5.00, -1.968e+00, -3.970e+00, -3.156e+00
  5.00, -1.907e+00, -2.000e+01, -2.000e+01
  6.00, -7.907e+00,  4.730e-01,  1.029e+01
  6.00, -7.782e+00,  3.840e-01,  1.029e+01
  6.00, -7.606e+00,  2.919e-01,  1.029e+01
  6.00, -7.509e+00,  2.982e-01,  1.029e+01
  6.00, -7.384e+00,  4.079e-01,  1.028e+01
  6.00, -7.208e+00,  8.114e-01,  1.028e+01
  6.00, -7.083e+00,  1.212e+00,  1.028e+01
  6.00, -7.021e+00,  1.419e+00,  1.028e+01
  6.00, -6.999e+00,  1.499e+00,  1.028e+01
  6.00, -6.976e+00,  1.576e+00,  1.028e+01
  6.00, -6.952e+00,  1.655e+00,  1.028e+01
  6.00, -6.927e+00,  1.749e+00,  1.028e+01
  6.00, -6.899e+00,  1.846e+00,  1.028e+01
  6.00, -6.870e+00,  1.946e+00,  1.028e+01
  6.00, -6.839e+00,  2.061e+00,  1.028e+01
  6.00, -6.806e+00,  2.178e+00,  1.028e+01
  6.00, -6.769e+00,  2.315e+00,  1.027e+01
  6.00, -6.730e+00,  2.452e+00,  1.027e+01
  6.00, -6.621e+00,  2.828e+00,  1.026e+01
  6.00, -6.512e+00,  3.171e+00,  1.024e+01
  6.00, -6.404e+00,  3.477e+00,  1.020e+01
  6.00, -6.296e+00,  3.725e+00,  1.013e+01
  6.00, -6.188e+00,  3.910e+00,  1.002e+01
  6.00, -6.077e+00,  4.014e+00,  9.863e+00
  6.00, -5.971e+00,  4.020e+00,  9.659e+00
  6.00, -5.861e+00,  3.935e+00,  9.404e+00
  6.00, -5.753e+00,  3.812e+00,  9.127e+00
  6.00, -5.644e+00,  3.664e+00,  8.799e+00
  6.00, -5.535e+00,  3.443e+00,  8.438e+00
  6.00, -5.427e+00,  3.172e+00,  8.038e+00
  6.00, -5.384e+00,  3.032e+00,  7.908e+00
  6.00, -5.319e+00,  2.832e+00,  7.683e+00
  6.00, -5.249e+00,  2.632e+00,  7.544e+00
  6.00, -5.208e+00,  2.514e+00,  7.400e+00
  6.00, -5.073e+00,  2.263e+00,  7.284e+00
  6.00, -4.969e+00,  2.543e+00,  6.957e+00
  6.00, -4.954e+00,  2.263e+00,  6.887e+00
  6.00, -4.925e+00,  1.989e+00,  6.877e+00
  6.00, -4.884e+00,  1.900e+00,  6.802e+00
  6.00, -4.834e+00,  2.312e+00,  6.770e+00
  6.00, -4.788e+00,  2.533e+00,  6.518e+00
  6.00, -4.726e+00,  1.992e+00,  6.222e+00
  6.00, -4.685e+00,  1.857e+00,  6.104e+00
  6.00, -4.637e+00,  1.692e+00,  5.982e+00
  6.00, -4.577e+00,  1.477e+00,  5.873e+00
  6.00, -4.478e+00,  1.200e+00,  5.763e+00
  6.00, -4.463e+00,  1.182e+00,  5.749e+00
  6.00, -4.451e+00,  1.172e+00,  5.742e+00
  6.00, -4.432e+00,  1.152e+00,  5.725e+00
  6.00, -4.426e+00,  1.146e+00,  5.724e+00
  6.00, -4.419e+00,  1.142e+00,  5.716e+00
  6.00, -4.417e+00,  1.145e+00,  5.718e+00
  6.00, -4.412e+00,  1.152e+00,  5.711e+00
  6.00, -4.356e+00,  1.159e+00,  5.674e+00
  6.00, -4.338e+00,  1.162e+00,  5.659e+00
  6.00, -4.295e+00,  1.171e+00,  5.632e+00
  6.00, -4.234e+00,  1.289e+00,  5.584e+00
  6.00, -4.233e+00,  1.291e+00,  5.584e+00
  6.00, -4.172e+00,  1.345e+00,  5.525e+00
  6.00, -4.124e+00,  1.384e+00,  5.479e+00
  6.00, -4.111e+00,  1.391e+00,  5.461e+00
  6.00, -4.050e+00,  1.372e+00,  5.399e+00
  6.00, -4.014e+00,  1.378e+00,  5.357e+00
  6.00, -3.989e+00,  1.383e+00,  5.333e+00
  6.00, -3.927e+00,  1.403e+00,  5.260e+00
  6.00, -3.907e+00,  1.409e+00,  5.240e+00
  6.00, -3.866e+00,  1.420e+00,  5.186e+00
  6.00, -3.805e+00,  1.392e+00,  5.114e+00
  6.00, -3.782e+00,  1.392e+00,  5.082e+00
  6.00, -3.744e+00,  1.392e+00,  5.039e+00
  6.00, -3.683e+00,  1.391e+00,  4.957e+00
  6.00, -3.670e+00,  1.389e+00,  4.944e+00
  6.00, -3.621e+00,  1.384e+00,  4.875e+00
  6.00, -3.560e+00,  1.421e+00,  4.794e+00
  6.00, -3.499e+00,  1.402e+00,  4.686e+00
  6.00, -3.438e+00,  1.223e+00,  4.610e+00
  6.00, -3.376e+00,  1.252e+00,  4.534e+00
  6.00, -3.315e+00,  1.264e+00,  4.458e+00
  6.00, -3.254e+00,  1.302e+00,  4.370e+00
  6.00, -3.193e+00,  1.314e+00,  4.272e+00
  6.00, -3.131e+00,  1.353e+00,  4.153e+00
  6.00, -3.070e+00,  1.371e+00,  4.007e+00
  6.00, -3.009e+00,  1.362e+00,  3.816e+00
  6.00, -2.948e+00,  1.362e+00,  3.546e+00
  6.00, -2.887e+00,  1.150e+00,  3.048e+00
  6.00, -2.825e+00,  3.567e-01,  2.645e+00
  6.00, -2.764e+00,  2.637e-01,  2.414e+00
  6.00, -2.703e+00,  1.112e-01,  2.149e+00
  6.00, -2.642e+00, -9.214e-02,  1.852e+00
  6.00, -2.580e+00, -3.573e-01,  1.554e+00
  6.00, -2.519e+00, -5.308e-01,  1.257e+00
  6.00, -2.458e+00, -7.758e-01,  8.790e-01
  6.00, -2.397e+00, -1.103e+00,  5.545e-01
  6.00, -2.336e+00, -1.224e+00,  1.404e-02
  6.00, -2.274e+00, -1.969e+00, -8.733e-01
  6.00, -2.213e+00, -3.139e+00, -1.577e+00
  6.00, -2.152e+00, -3.347e+00, -1.844e+00
  6.00, -2.091e+00, -3.517e+00, -2.140e+00
  6.00, -2.029e+00, -3.698e+00, -2.487e+00
  6.00, -1.968e+00, -3.886e+00, -3.072e+00
  6.00, -1.907e+00, -6.978e+00, -2.000e+01
  7.00, -7.907e+00, -2.142e+00,  5.765e+00
  7.00, -7.782e+00, -2.142e+00,  5.640e+00
  7.00, -7.606e+00, -2.142e+00,  5.464e+00
  7.00, -7.509e+00, -2.142e+00,  5.367e+00
  7.00, -7.384e+00, -2.142e+00,  5.242e+00
  7.00, -7.208e+00, -2.142e+00,  5.066e+00
  7.00, -7.083e+00, -2.142e+00,  4.941e+00
  7.00, -7.021e+00, -2.142e+00,  4.879e+00
  7.00, -6.999e+00, -2.142e+00,  4.857e+00
  7.00, -6.976e+00, -2.142e+00,  4.834e+00
  7.00, -6.952e+00, -2.142e+00,  4.810e+00
  7.00, -6.927e+00, -2.142e+00,  4.785e+00
  7.00, -6.899e+00, -2.142e+00,  4.757e+00
  7.00, -6.870e+00, -2.142e+00,  4.728e+00
  7.00, -6.839e+00, -2.142e+00,  4.697e+00
  7.00, -6.806e+00, -2.142e+00,  4.664e+00
  7.00, -6.769e+00, -2.142e+00,  4.627e+00
  7.00, -6.730e+00, -2.142e+00,  4.588e+00
  7.00, -6.621e+00, -2.142e+00,  4.479e+00
  7.00, -6.512e+00, -2.142e+00,  4.370e+00
  7.00, -6.404e+00, -2.142e+00,  4.262e+00
  7.00, -6.296e+00, -2.142e+00,  4.154e+00
  7.00, -6.188e+00, -2.142e+00,  4.046e+00
  7.00, -6.077e+00, -2.142e+00,  3.935e+00
  7.00, -5.971e+00, -2.142e+00,  3.829e+00
  7.00, -5.861e+00, -2.142e+00,  3.719e+00
  7.00, -5.753e+00, -2.142e+00,  3.611e+00
  7.00, -5.644e+00, -2.142e+00,  3.502e+00
  7.00, -5.535e+00, -2.142e+00,  3.393e+00
  7.00, -5.427e+00, -2.142e+00,  3.285e+00
  7.00, -5.384e+00, -2.142e+00,  3.242e+00
  7.00, -5.319e+00, -2.142e+00,  3.177e+00
  7.00, -5.249e+00, -2.142e+00,  3.107e+00
  7.00, -5.208e+00, -2.142e+00,  3.066e+00
  7.00, -5.073e+00, -2.142e+00,  2.931e+00
  7.00, -4.969e+00, -2.142e+00,  2.827e+00
  7.00, -4.954e+00, -2.142e+00,  2.812e+00
  7.00, -4.925e+00, -2.142e+00,  2.782e+00
  7.00, -4.884e+00, -2.142e+00,  2.742e+00
  7.00, -4.834e+00, -2.142e+00,  2.692e+00
  7.00, -4.788e+00, -2.142e+00,  2.645e+00
  7.00, -4.726e+00, -2.142e+00,  2.583e+00
  7.00, -4.685e+00, -2.142e+00,  2.543e+00
  7.00, -4.637e+00, -2.142e+00,  2.494e+00
  7.00, -4.577e+00, -2.142e+00,  2.435e+00
  7.00, -4.478e+00, -2.142e+00,  2.335e+00
  7.00, -4.463e+00, -2.142e+00,  2.320e+00
  7.00, -4.451e+00, -2.142e+00,  2.308e+00
  7.00, -4.432e+00, -2.142e+00,  2.289e+00
  7.00, -4.426e+00, -2.142e+00,  2.283e+00
  7.00, -4.419e+00, -2.142e+00,  2.276e+00
  7.00, -4.417e+00, -2.142e+00,  2.274e+00
  7.00, -4.412e+00, -2.142e+00,  2.269e+00
  7.00, -4.356e+00, -2.142e+00,  2.212e+00
  7.00, -4.338e+00, -2.142e+00,  2.194e+00
  7.00, -4.295e+00, -2.142e+00,  2.151e+00
  7.00, -4.234e+00, -2.142e+00,  2.090e+00
  7.00, -4.233e+00, -2.142e+00,  2.089e+00
  7.00, -4.172e+00, -2.142e+00,  2.028e+00
  7.00, -4.124e+00, -2.142e+00,  1.979e+00
  7.00, -4.111e+00, -2.142e+00,  1.966e+00
  7.00, -4.050e+00, -2.142e+00,  1.905e+00
  7.00, -4.014e+00, -2.142e+00,  1.868e+00
  7.00, -3.989e+00, -2.142e+00,  1.843e+00
  7.00, -3.927e+00, -2.142e+00,  1.781e+00
  7.00, -3.907e+00, -2.142e+00,  1.761e+00
  7.00, -3.866e+00, -2.142e+00,  1.719e+00
  7.00, -3.805e+00, -2.142e+00,  1.657e+00
  7.00, -3.782e+00, -2.142e+00,  1.634e+00
  7.00, -3.744e+00, -2.142e+00,  1.596e+00
  7.00, -3.683e+00, -2.142e+00,  1.534e+00
  7.00, -3.670e+00, -2.142e+00,  1.520e+00
  7.00, -3.621e+00, -2.142e+00,  1.470e+00
  7.00, -3.560e+00, -2.142e+00,  1.408e+00
  7.00, -3.499e+00, -2.142e+00,  1.346e+00
  7.00, -3.438e+00, -2.142e+00,  1.283e+00
  7.00, -3.376e+00, -2.142e+00,  1.219e+00
  7.00, -3.315e+00, -2.142e+00,  1.156e+00
  7.00, -3.254e+00, -2.142e+00,  1.092e+00
  7.00, -3.193e+00, -2.142e+00,  1.028e+00
  7.00, -3.131e+00, -2.142e+00,  9.621e-01
  7.00, -3.070e+00, -2.142e+00,  8.970e-01
  7.00, -3.009e+00, -2.142e+00,  8.311e-01
  7.00, -2.948e+00, -2.142e+00,  7.645e-01
  7.00, -2.887e+00, -2.142e+00,  6.968e-01
  7.00, -2.825e+00, -2.142e+00,  6.270e-01
  7.00, -2.764e+00, -2.142e+00,  5.569e-01
  7.00, -2.703e+00, -2.142e+00,  4.852e-01
  7.00, -2.642e+00, -2.142e+00,  4.115e-01
  7.00, -2.580e+00, -2.142e+00,  3.343e-01
  7.00, -2.519e+00, -2.142e+00,  2.552e-01
  7.00, -2.458e+00, -2.142e+00,  1.725e-01
  7.00, -2.397e+00, -2.142e+00,  8.509e-02
  7.00, -2.336e+00, -2.142e+00, -8.362e-03
  7.00, -2.274e+00, -2.142e+00, -1.119e-01
  7.00, -2.213e+00, -2.142e+00, -2.251e-01
  7.00, -2.152e+00, -2.142e+00, -3.555e-01
  7.00, -2.091e+00, -2.142e+00, -5.126e-01
  7.00, -2.029e+00, -2.142e+00, -7.241e-01
  7.00, -1.968e+00, -2.142e+00, -1.056e+00
  7.00, -1.907e+00, -2.142e+00, -2.000e+01
