# size in redshift 18 - size in energy 50
# z - eps [eV] - n [1/eV/m3] - I_gamma [1/eV2/m3]
  0.00, 1.239842e-03, 8.257500e+07, 1.344684e+11
  0.00, 1.495928e-03, 1.127432e+08, 1.211782e+11
  0.00, 1.804909e-03, 1.528682e+08, 1.061309e+11
  0.00, 2.177708e-03, 1.994665e+08, 8.952479e+10
  0.00, 2.627509e-03, 2.461746e+08, 7.203529e+10
  0.00, 3.170215e-03, 2.820898e+08, 5.476728e+10
  0.00, 3.825015e-03, 2.970580e+08, 3.903415e+10
  0.00, 4.615062e-03, 2.847089e+08, 2.589432e+10
  0.00, 5.568292e-03, 2.471725e+08, 1.595080e+10
  0.00, 6.718410e-03, 1.950031e+08, 9.103695e+09
  0.00, 8.106081e-03, 1.396916e+08, 4.827528e+09
  0.00, 9.780373e-03, 9.194751e+07, 2.384395e+09
  0.00, 1.180049e-02, 5.582912e+07, 1.099245e+09
  0.00, 1.423785e-02, 3.138788e+07, 4.735863e+08
  0.00, 1.717864e-02, 1.625128e+07, 1.920208e+08
  0.00, 2.072685e-02, 7.753452e+06, 7.536064e+07
  0.00, 2.500793e-02, 3.516438e+06, 3.036053e+07
  0.00, 3.017326e-02, 1.660014e+06, 1.330214e+07
  0.00, 3.640548e-02, 8.679601e+05, 6.294387e+06
  0.00, 4.392494e-02, 4.731793e+05, 3.215849e+06
  0.00, 5.299752e-02, 2.823387e+05, 1.771885e+06
  0.00, 6.394402e-02, 1.848286e+05, 1.027003e+06
  0.00, 7.715152e-02, 1.345404e+05, 6.056801e+05
  0.00, 9.308696e-02, 9.814710e+04, 3.435316e+05
  0.00, 1.123139e-01, 6.393080e+04, 1.969515e+05
  0.00, 1.355121e-01, 4.166137e+04, 1.157961e+05
  0.00, 1.635018e-01, 2.479841e+04, 7.486582e+04
  0.00, 1.972725e-01, 1.827421e+04, 5.278578e+04
  0.00, 2.380187e-01, 1.596717e+04, 3.798349e+04
  0.00, 2.871813e-01, 1.471462e+04, 2.698661e+04
  0.00, 3.464978e-01, 1.343039e+04, 1.853139e+04
  0.00, 4.180661e-01, 1.184106e+04, 1.230335e+04
  0.00, 5.044171e-01, 1.025648e+04, 7.742047e+03
  0.00, 6.086010e-01, 8.151242e+03, 4.601965e+03
  0.00, 7.343078e-01, 5.997109e+03, 2.605267e+03
  0.00, 8.859748e-01, 4.198038e+03, 1.422511e+03
  0.00, 1.068977e+00, 2.850046e+03, 7.410019e+02
  0.00, 1.289769e+00, 1.813818e+03, 3.704426e+02
  0.00, 1.556163e+00, 1.114110e+03, 1.772605e+02
  0.00, 1.877581e+00, 6.447187e+02, 8.170301e+01
  0.00, 2.265379e+00, 3.568634e+02, 3.662990e+01
  0.00, 2.733338e+00, 1.836973e+02, 1.656790e+01
  0.00, 3.297891e+00, 9.732377e+01, 8.096309e+00
  0.00, 3.979081e+00, 6.206924e+01, 3.997335e+00
  0.00, 4.800937e+00, 3.974146e+01, 1.825917e+00
  0.00, 5.792571e+00, 2.266416e+01, 7.038140e-01
  0.00, 6.988963e+00, 1.016945e+01, 2.372272e-01
  0.00, 8.432578e+00, 4.245919e+00, 6.315583e-02
  0.00, 1.017431e+01, 1.271104e+00, 1.227545e-02
  0.00, 1.227566e+01, 7.156144e-02, 0.000000e+00
  0.01, 1.239842e-03, 8.283875e+07, 1.364123e+11
  0.01, 1.495928e-03, 1.130943e+08, 1.230789e+11
  0.01, 1.804909e-03, 1.535262e+08, 1.079800e+11
  0.01, 2.177708e-03, 2.008290e+08, 9.128040e+10
  0.01, 2.627509e-03, 2.486774e+08, 7.364526e+10
  0.01, 3.170215e-03, 2.861949e+08, 5.616422e+10
  0.01, 3.825015e-03, 3.027851e+08, 4.016662e+10
  0.01, 4.615062e-03, 2.916525e+08, 2.674120e+10
  0.01, 5.568292e-03, 2.544524e+08, 1.653107e+10
  0.01, 6.718410e-03, 2.016604e+08, 9.467090e+09
  0.01, 8.106081e-03, 1.450448e+08, 5.036562e+09
  0.01, 9.780373e-03, 9.581941e+07, 2.495666e+09
  0.01, 1.180049e-02, 5.838487e+07, 1.154283e+09
  0.01, 1.423785e-02, 3.294521e+07, 4.990126e+08
  0.01, 1.717864e-02, 1.713630e+07, 2.028952e+08
  0.01, 2.072685e-02, 8.209406e+06, 7.966660e+07
  0.01, 2.500793e-02, 3.725928e+06, 3.197892e+07
  0.01, 3.017326e-02, 1.747245e+06, 1.395317e+07
  0.01, 3.640548e-02, 9.117955e+05, 6.589351e+06
  0.01, 4.392494e-02, 4.964541e+05, 3.351329e+06
  0.01, 5.299752e-02, 2.951124e+05, 1.843748e+06
  0.01, 6.394402e-02, 1.934007e+05, 1.060588e+06
  0.01, 7.715152e-02, 1.388003e+05, 6.254411e+05
  0.01, 9.308696e-02, 1.015599e+05, 3.526084e+05
  0.01, 1.123139e-01, 6.466698e+04, 2.036680e+05
  0.01, 1.355121e-01, 4.345476e+04, 1.201090e+05
  0.01, 1.635018e-01, 2.596156e+04, 7.741366e+04
  0.01, 1.972725e-01, 1.906079e+04, 5.423985e+04
  0.01, 2.380187e-01, 1.635122e+04, 3.898689e+04
  0.01, 2.871813e-01, 1.511515e+04, 2.769988e+04
  0.01, 3.464978e-01, 1.377856e+04, 1.902175e+04
  0.01, 4.180661e-01, 1.211960e+04, 1.263608e+04
  0.01, 5.044171e-01, 1.051233e+04, 7.970972e+03
  0.01, 6.086010e-01, 8.383722e+03, 4.742100e+03
  0.01, 7.343078e-01, 6.171548e+03, 2.691947e+03
  0.01, 8.859748e-01, 4.338124e+03, 1.469369e+03
  0.01, 1.068977e+00, 2.936400e+03, 7.681744e+02
  0.01, 1.289769e+00, 1.882546e+03, 3.838447e+02
  0.01, 1.556163e+00, 1.149686e+03, 1.846059e+02
  0.01, 1.877581e+00, 6.754399e+02, 8.502275e+01
  0.01, 2.265379e+00, 3.700740e+02, 3.808332e+01
  0.01, 2.733338e+00, 1.913660e+02, 1.722807e+01
  0.01, 3.297891e+00, 1.011682e+02, 8.409322e+00
  0.01, 3.979081e+00, 6.419321e+01, 4.156667e+00
  0.01, 4.800937e+00, 4.134166e+01, 1.911472e+00
  0.01, 5.792571e+00, 2.388334e+01, 7.331215e-01
  0.01, 6.988963e+00, 1.051748e+01, 2.461126e-01
  0.01, 8.432578e+00, 4.413030e+00, 6.558428e-02
  0.01, 1.017431e+01, 1.316385e+00, 1.280415e-02
  0.01, 1.227566e+01, 8.606332e-02, 0.000000e+00
  0.03, 1.239842e-03, 8.334402e+07, 1.402468e+11
  0.03, 1.495928e-03, 1.137670e+08, 1.268282e+11
  0.03, 1.804909e-03, 1.547502e+08, 1.116340e+11
  0.03, 2.177708e-03, 2.033981e+08, 9.475797e+10
  0.03, 2.627509e-03, 2.535115e+08, 7.684633e+10
  0.03, 3.170215e-03, 2.941894e+08, 5.894952e+10
  0.03, 3.825015e-03, 3.140199e+08, 4.243738e+10
  0.03, 4.615062e-03, 3.055118e+08, 2.844539e+10
  0.03, 5.568292e-03, 2.690568e+08, 1.770203e+10
  0.03, 6.718410e-03, 2.150791e+08, 1.020170e+10
  0.03, 8.106081e-03, 1.558342e+08, 5.460042e+09
  0.03, 9.780373e-03, 1.036379e+08, 2.722016e+09
  0.03, 1.180049e-02, 6.358034e+07, 1.266768e+09
  0.03, 1.423785e-02, 3.612733e+07, 5.511179e+08
  0.03, 1.717864e-02, 1.894563e+07, 2.252802e+08
  0.03, 2.072685e-02, 9.144260e+06, 8.859269e+07
  0.03, 2.500793e-02, 4.160735e+06, 3.539206e+07
  0.03, 3.017326e-02, 1.937638e+06, 1.530861e+07
  0.03, 3.640548e-02, 1.002067e+06, 7.179390e+06
  0.03, 4.392494e-02, 5.450779e+05, 3.621789e+06
  0.03, 5.299752e-02, 3.185182e+05, 1.973820e+06
  0.03, 6.394402e-02, 2.043457e+05, 1.140488e+06
  0.03, 7.715152e-02, 1.485441e+05, 6.771158e+05
  0.03, 9.308696e-02, 1.101551e+05, 3.843985e+05
  0.03, 1.123139e-01, 7.217712e+04, 2.201370e+05
  0.03, 1.355121e-01, 4.791569e+04, 1.273194e+05
  0.03, 1.635018e-01, 2.750133e+04, 8.086686e+04
  0.03, 1.972725e-01, 1.965798e+04, 5.684281e+04
  0.03, 2.380187e-01, 1.731710e+04, 4.083881e+04
  0.03, 2.871813e-01, 1.581944e+04, 2.894395e+04
  0.03, 3.464978e-01, 1.428563e+04, 1.991414e+04
  0.03, 4.180661e-01, 1.264256e+04, 1.328200e+04
  0.03, 5.044171e-01, 1.102431e+04, 8.395080e+03
  0.03, 6.086010e-01, 8.803743e+03, 5.012437e+03
  0.03, 7.343078e-01, 6.523489e+03, 2.849757e+03
  0.03, 8.859748e-01, 4.582009e+03, 1.559294e+03
  0.03, 1.068977e+00, 3.116589e+03, 8.165219e+02
  0.03, 1.289769e+00, 1.993381e+03, 4.089616e+02
  0.03, 1.556163e+00, 1.226102e+03, 1.978167e+02
  0.03, 1.877581e+00, 7.299825e+02, 9.064967e+01
  0.03, 2.265379e+00, 3.924748e+02, 4.032944e+01
  0.03, 2.733338e+00, 2.011236e+02, 1.833792e+01
  0.03, 3.297891e+00, 1.077412e+02, 9.017967e+00
  0.03, 3.979081e+00, 6.847759e+01, 4.476730e+00
  0.03, 4.800937e+00, 4.417030e+01, 2.088934e+00
  0.03, 5.792571e+00, 2.626289e+01, 8.125824e-01
  0.03, 6.988963e+00, 1.177944e+01, 2.725556e-01
  0.03, 8.432578e+00, 4.891231e+00, 7.058253e-02
  0.03, 1.017431e+01, 1.373489e+00, 1.339671e-02
  0.03, 1.227566e+01, 9.465121e-02, 0.000000e+00
  0.05, 1.239842e-03, 8.383477e+07, 1.440654e+11
  0.05, 1.495928e-03, 1.144206e+08, 1.305623e+11
  0.05, 1.804909e-03, 1.558825e+08, 1.152791e+11
  0.05, 2.177708e-03, 2.058192e+08, 9.823803e+10
  0.05, 2.627509e-03, 2.581175e+08, 8.006417e+10
  0.05, 3.170215e-03, 3.019572e+08, 6.176779e+10
  0.05, 3.825015e-03, 3.251072e+08, 4.475067e+10
  0.05, 4.615062e-03, 3.193767e+08, 3.019659e+10
  0.05, 5.568292e-03, 2.838999e+08, 1.891494e+10
  0.05, 6.718410e-03, 2.288697e+08, 1.096906e+10
  0.05, 8.106081e-03, 1.670553e+08, 5.905587e+09
  0.05, 9.780373e-03, 1.118292e+08, 2.961923e+09
  0.05, 1.180049e-02, 6.906180e+07, 1.386927e+09
  0.05, 1.423785e-02, 3.951787e+07, 6.074115e+08
  0.05, 1.717864e-02, 2.090268e+07, 2.496182e+08
  0.05, 2.072685e-02, 1.016364e+07, 9.838296e+07
  0.05, 2.500793e-02, 4.646006e+06, 3.907267e+07
  0.05, 3.017326e-02, 2.141661e+06, 1.673954e+07
  0.05, 3.640548e-02, 1.098223e+06, 7.787397e+06
  0.05, 4.392494e-02, 5.942089e+05, 3.898268e+06
  0.05, 5.299752e-02, 3.441906e+05, 2.106177e+06
  0.05, 6.394402e-02, 2.182212e+05, 1.212108e+06
  0.05, 7.715152e-02, 1.578195e+05, 7.173058e+05
  0.05, 9.308696e-02, 1.166547e+05, 4.079697e+05
  0.05, 1.123139e-01, 7.740583e+04, 2.324086e+05
  0.05, 1.355121e-01, 5.049975e+04, 1.336721e+05
  0.05, 1.635018e-01, 2.917856e+04, 8.480878e+04
  0.05, 1.972725e-01, 2.089780e+04, 5.904056e+04
  0.05, 2.380187e-01, 1.770414e+04, 4.246353e+04
  0.05, 2.871813e-01, 1.641048e+04, 3.021245e+04
  0.05, 3.464978e-01, 1.488844e+04, 2.081295e+04
  0.05, 4.180661e-01, 1.316346e+04, 1.390816e+04
  0.05, 5.044171e-01, 1.152561e+04, 8.810870e+03
  0.05, 6.086010e-01, 9.229776e+03, 5.267996e+03
  0.05, 7.343078e-01, 6.841845e+03, 3.000963e+03
  0.05, 8.859748e-01, 4.818598e+03, 1.645788e+03
  0.05, 1.068977e+00, 3.288679e+03, 8.636640e+02
  0.05, 1.289769e+00, 2.106162e+03, 4.329657e+02
  0.05, 1.556163e+00, 1.294434e+03, 2.102440e+02
  0.05, 1.877581e+00, 7.771469e+02, 9.661604e+01
  0.05, 2.265379e+00, 4.183056e+02, 4.300618e+01
  0.05, 2.733338e+00, 2.146229e+02, 1.956838e+01
  0.05, 3.297891e+00, 1.148638e+02, 9.609324e+00
  0.05, 3.979081e+00, 7.222415e+01, 4.798474e+00
  0.05, 4.800937e+00, 4.722603e+01, 2.269555e+00
  0.05, 5.792571e+00, 2.858161e+01, 8.909998e-01
  0.05, 6.988963e+00, 1.297357e+01, 3.024336e-01
  0.05, 8.432578e+00, 5.505312e+00, 7.661521e-02
  0.05, 1.017431e+01, 1.432014e+00, 1.398875e-02
  0.05, 1.227566e+01, 1.014558e-01, 0.000000e+00
  0.10, 1.239842e-03, 8.501563e+07, 1.535526e+11
  0.10, 1.495928e-03, 1.159929e+08, 1.398445e+11
  0.10, 1.804909e-03, 1.583821e+08, 1.243569e+11
  0.10, 2.177708e-03, 2.112743e+08, 1.069510e+11
  0.10, 2.627509e-03, 2.687550e+08, 8.817479e+10
  0.10, 3.170215e-03, 3.204096e+08, 6.894614e+10
  0.10, 3.825015e-03, 3.521647e+08, 5.070799e+10
  0.10, 4.615062e-03, 3.539428e+08, 3.477094e+10
  0.10, 5.568292e-03, 3.219375e+08, 2.212689e+10
  0.10, 6.718410e-03, 2.649302e+08, 1.302853e+10
  0.10, 8.106081e-03, 1.969485e+08, 7.115451e+09
  0.10, 9.780373e-03, 1.339185e+08, 3.620873e+09
  0.10, 1.180049e-02, 8.406262e+07, 1.720996e+09
  0.10, 1.423785e-02, 4.890166e+07, 7.655086e+08
  0.10, 1.717864e-02, 2.637344e+07, 3.191945e+08
  0.10, 2.072685e-02, 1.308804e+07, 1.266720e+08
  0.10, 2.500793e-02, 6.050329e+06, 4.987992e+07
  0.10, 3.017326e-02, 2.754825e+06, 2.086762e+07
  0.10, 3.640548e-02, 1.372425e+06, 9.521134e+06
  0.10, 4.392494e-02, 7.355379e+05, 4.667482e+06
  0.10, 5.299752e-02, 4.153299e+05, 2.478992e+06
  0.10, 6.394402e-02, 2.570284e+05, 1.405913e+06
  0.10, 7.715152e-02, 1.825765e+05, 8.340889e+05
  0.10, 9.308696e-02, 1.354843e+05, 4.707959e+05
  0.10, 1.123139e-01, 8.864009e+04, 2.722069e+05
  0.10, 1.355121e-01, 6.270200e+04, 1.531608e+05
  0.10, 1.635018e-01, 3.386477e+04, 9.400992e+04
  0.10, 1.972725e-01, 2.297965e+04, 6.505759e+04
  0.10, 2.380187e-01, 1.954594e+04, 4.674452e+04
  0.10, 2.871813e-01, 1.792965e+04, 3.330065e+04
  0.10, 3.464978e-01, 1.629635e+04, 2.303099e+04
  0.10, 4.180661e-01, 1.447787e+04, 1.545127e+04
  0.10, 5.044171e-01, 1.271329e+04, 9.840120e+03
  0.10, 6.086010e-01, 1.027645e+04, 5.917230e+03
  0.10, 7.343078e-01, 7.677264e+03, 3.381089e+03
  0.10, 8.859748e-01, 5.413648e+03, 1.860523e+03
  0.10, 1.068977e+00, 3.701027e+03, 9.802989e+02
  0.10, 1.289769e+00, 2.384847e+03, 4.955682e+02
  0.10, 1.556163e+00, 1.480917e+03, 2.411428e+02
  0.10, 1.877581e+00, 8.861098e+02, 1.120626e+02
  0.10, 2.265379e+00, 4.899286e+02, 4.989759e+01
  0.10, 2.733338e+00, 2.454866e+02, 2.276076e+01
  0.10, 3.297891e+00, 1.325586e+02, 1.135887e+01
  0.10, 3.979081e+00, 8.539471e+01, 5.733735e+00
  0.10, 4.800937e+00, 5.571475e+01, 2.743961e+00
  0.10, 5.792571e+00, 3.476635e+01, 1.109624e+00
  0.10, 6.988963e+00, 1.665755e+01, 3.658872e-01
  0.10, 8.432578e+00, 6.386898e+00, 8.991240e-02
  0.10, 1.017431e+01, 1.703411e+00, 1.660669e-02
  0.10, 1.227566e+01, 1.163400e-01, 0.000000e+00
  0.20, 1.239842e-03, 8.718266e+07, 1.722305e+11
  0.20, 1.495928e-03, 1.188758e+08, 1.581547e+11
  0.20, 1.804909e-03, 1.623570e+08, 1.423051e+11
  0.20, 2.177708e-03, 2.200294e+08, 1.243376e+11
  0.20, 2.627509e-03, 2.866493e+08, 1.045524e+11
  0.20, 3.170215e-03, 3.528553e+08, 8.373559e+10
  0.20, 3.825015e-03, 4.027548e+08, 6.326936e+10
  0.20, 4.615062e-03, 4.217612e+08, 4.468894e+10
  0.20, 5.568292e-03, 4.007907e+08, 2.929525e+10
  0.20, 6.718410e-03, 3.432578e+08, 1.775186e+10
  0.20, 8.106081e-03, 2.643969e+08, 9.957974e+09
  0.20, 9.780373e-03, 1.852042e+08, 5.203228e+09
  0.20, 1.180049e-02, 1.197839e+08, 2.540512e+09
  0.20, 1.423785e-02, 7.177832e+07, 1.161272e+09
  0.20, 1.717864e-02, 3.999322e+07, 4.973792e+08
  0.20, 2.072685e-02, 2.059963e+07, 2.007038e+08
  0.20, 2.500793e-02, 9.778748e+06, 7.838260e+07
  0.20, 3.017326e-02, 4.407317e+06, 3.146470e+07
  0.20, 3.640548e-02, 2.069186e+06, 1.378387e+07
  0.20, 4.392494e-02, 1.084951e+06, 6.547527e+06
  0.20, 5.299752e-02, 5.933223e+05, 3.342190e+06
  0.20, 6.394402e-02, 3.468141e+05, 1.859402e+06
  0.20, 7.715152e-02, 2.370311e+05, 1.091386e+06
  0.20, 9.308696e-02, 1.754230e+05, 6.328494e+05
  0.20, 1.123139e-01, 1.263961e+05, 3.568763e+05
  0.20, 1.355121e-01, 8.286371e+04, 1.948899e+05
  0.20, 1.635018e-01, 4.520971e+04, 1.160491e+05
  0.20, 1.972725e-01, 2.904211e+04, 7.818025e+04
  0.20, 2.380187e-01, 2.342561e+04, 5.572711e+04
  0.20, 2.871813e-01, 2.128553e+04, 3.968784e+04
  0.20, 3.464978e-01, 1.923363e+04, 2.753733e+04
  0.20, 4.180661e-01, 1.711728e+04, 1.858971e+04
  0.20, 5.044171e-01, 1.517075e+04, 1.193042e+04
  0.20, 6.086010e-01, 1.241566e+04, 7.220865e+03
  0.20, 7.343078e-01, 9.323688e+03, 4.146179e+03
  0.20, 8.859748e-01, 6.599607e+03, 2.299061e+03
  0.20, 1.068977e+00, 4.554484e+03, 1.219971e+03
  0.20, 1.289769e+00, 2.941468e+03, 6.234336e+02
  0.20, 1.556163e+00, 1.858072e+03, 3.076355e+02
  0.20, 1.877581e+00, 1.126053e+03, 1.442447e+02
  0.20, 2.265379e+00, 6.261839e+02, 6.546452e+01
  0.20, 2.733338e+00, 3.263317e+02, 3.003556e+01
  0.20, 3.297891e+00, 1.714352e+02, 1.501800e+01
  0.20, 3.979081e+00, 1.102424e+02, 7.815341e+00
  0.20, 4.800937e+00, 7.487861e+01, 3.852084e+00
  0.20, 5.792571e+00, 4.833058e+01, 1.654525e+00
  0.20, 6.988963e+00, 2.593088e+01, 5.549025e-01
  0.20, 8.432578e+00, 9.546612e+00, 1.326331e-01
  0.20, 1.017431e+01, 2.481185e+00, 2.397883e-02
  0.20, 1.227566e+01, 1.419424e-01, 0.000000e+00
  0.30, 1.239842e-03, 8.908958e+07, 1.903691e+11
  0.30, 1.495928e-03, 1.214089e+08, 1.760147e+11
  0.30, 1.804909e-03, 1.657283e+08, 1.598066e+11
  0.30, 2.177708e-03, 2.261947e+08, 1.414468e+11
  0.30, 2.627509e-03, 3.003932e+08, 1.209009e+11
  0.30, 3.170215e-03, 3.795010e+08, 9.883198e+10
  0.30, 3.825015e-03, 4.479506e+08, 7.644671e+10
  0.30, 4.615062e-03, 4.862734e+08, 5.542629e+10
  0.30, 5.568292e-03, 4.808118e+08, 3.733408e+10
  0.30, 6.718410e-03, 4.276940e+08, 2.322997e+10
  0.30, 8.106081e-03, 3.407842e+08, 1.336120e+10
  0.30, 9.780373e-03, 2.458295e+08, 7.147615e+09
  0.30, 1.180049e-02, 1.632186e+08, 3.571731e+09
  0.30, 1.423785e-02, 1.003980e+08, 1.670409e+09
  0.30, 1.717864e-02, 5.745193e+07, 7.313867e+08
  0.30, 2.072685e-02, 3.047219e+07, 2.997890e+08
  0.30, 2.500793e-02, 1.483283e+07, 1.168867e+08
  0.30, 3.017326e-02, 6.701762e+06, 4.538336e+07
  0.30, 3.640548e-02, 2.988038e+06, 1.902210e+07
  0.30, 4.392494e-02, 1.499313e+06, 8.797742e+06
  0.30, 5.299752e-02, 8.123217e+05, 4.380452e+06
  0.30, 6.394402e-02, 4.550664e+05, 2.378733e+06
  0.30, 7.715152e-02, 3.016032e+05, 1.394812e+06
  0.30, 9.308696e-02, 2.193200e+05, 8.071779e+05
  0.30, 1.123139e-01, 1.605418e+05, 4.708341e+05
  0.30, 1.355121e-01, 1.183069e+05, 2.472224e+05
  0.30, 1.635018e-01, 5.817433e+04, 1.405369e+05
  0.30, 1.972725e-01, 3.647040e+04, 9.193504e+04
  0.30, 2.380187e-01, 2.735712e+04, 6.479147e+04
  0.30, 2.871813e-01, 2.475752e+04, 4.619399e+04
  0.30, 3.464978e-01, 2.246870e+04, 3.195681e+04
  0.30, 4.180661e-01, 1.963151e+04, 2.162539e+04
  0.30, 5.044171e-01, 1.754426e+04, 1.396545e+04
  0.30, 6.086010e-01, 1.448570e+04, 8.489262e+03
  0.30, 7.343078e-01, 1.090468e+04, 4.900441e+03
  0.30, 8.859748e-01, 7.754150e+03, 2.733998e+03
  0.30, 1.068977e+00, 5.380680e+03, 1.464866e+03
  0.30, 1.289769e+00, 3.520024e+03, 7.552383e+02
  0.30, 1.556163e+00, 2.231046e+03, 3.768581e+02
  0.30, 1.877581e+00, 1.378274e+03, 1.795651e+02
  0.30, 2.265379e+00, 7.820931e+02, 8.174938e+01
  0.30, 2.733338e+00, 4.020223e+02, 3.798526e+01
  0.30, 3.297891e+00, 2.166010e+02, 1.920475e+01
  0.30, 3.979081e+00, 1.374942e+02, 1.017463e+01
  0.30, 4.800937e+00, 9.453665e+01, 5.210767e+00
  0.30, 5.792571e+00, 6.437777e+01, 2.386692e+00
  0.30, 6.988963e+00, 3.825452e+01, 8.534111e-01
  0.30, 8.432578e+00, 1.516606e+01, 2.082710e-01
  0.30, 1.017431e+01, 3.855438e+00, 3.682990e-02
  0.30, 1.227566e+01, 1.643208e-01, 0.000000e+00
  0.40, 1.239842e-03, 9.063776e+07, 2.076303e+11
  0.40, 1.495928e-03, 1.234644e+08, 1.930581e+11
  0.40, 1.804909e-03, 1.684629e+08, 1.765509e+11
  0.40, 2.177708e-03, 2.302395e+08, 1.579087e+11
  0.40, 2.627509e-03, 3.104572e+08, 1.368456e+11
  0.40, 3.170215e-03, 4.006525e+08, 1.138011e+11
  0.40, 3.825015e-03, 4.865675e+08, 8.984946e+10
  0.40, 4.615062e-03, 5.454118e+08, 6.664835e+10
  0.40, 5.568292e-03, 5.584899e+08, 4.602380e+10
  0.40, 6.718410e-03, 5.150603e+08, 2.934372e+10
  0.40, 8.106081e-03, 4.235244e+08, 1.728341e+10
  0.40, 9.780373e-03, 3.145580e+08, 9.452278e+09
  0.40, 1.180049e-02, 2.139980e+08, 4.826511e+09
  0.40, 1.423785e-02, 1.349265e+08, 2.306176e+09
  0.40, 1.717864e-02, 7.910632e+07, 1.030817e+09
  0.40, 2.072685e-02, 4.305107e+07, 4.302118e+08
  0.40, 2.500793e-02, 2.154274e+07, 1.686944e+08
  0.40, 3.017326e-02, 9.871394e+06, 6.407592e+07
  0.40, 3.640548e-02, 4.268601e+06, 2.553656e+07
  0.40, 4.392494e-02, 1.996557e+06, 1.140100e+07
  0.40, 5.299752e-02, 1.068098e+06, 5.557280e+06
  0.40, 6.394402e-02, 5.855165e+05, 2.937555e+06
  0.40, 7.715152e-02, 3.704620e+05, 1.702987e+06
  0.40, 9.308696e-02, 2.648880e+05, 9.842377e+05
  0.40, 1.123139e-01, 1.933509e+05, 5.823137e+05
  0.40, 1.355121e-01, 1.502492e+05, 3.057586e+05
  0.40, 1.635018e-01, 7.611482e+04, 1.678542e+05
  0.40, 1.972725e-01, 4.493260e+04, 1.055635e+05
  0.40, 2.380187e-01, 3.137439e+04, 7.344584e+04
  0.40, 2.871813e-01, 2.810421e+04, 5.218292e+04
  0.40, 3.464978e-01, 2.514429e+04, 3.615404e+04
  0.40, 4.180661e-01, 2.209305e+04, 2.458327e+04
  0.40, 5.044171e-01, 1.987910e+04, 1.591564e+04
  0.40, 6.086010e-01, 1.643136e+04, 9.719740e+03
  0.40, 7.343078e-01, 1.246494e+04, 5.627589e+03
  0.40, 8.859748e-01, 8.852560e+03, 3.154847e+03
  0.40, 1.068977e+00, 6.178481e+03, 1.701939e+03
  0.40, 1.289769e+00, 4.064047e+03, 8.852461e+02
  0.40, 1.556163e+00, 2.601398e+03, 4.467302e+02
  0.40, 1.877581e+00, 1.622457e+03, 2.154539e+02
  0.40, 2.265379e+00, 9.328126e+02, 1.000044e+02
  0.40, 2.733338e+00, 4.931468e+02, 4.699150e+01
  0.40, 3.297891e+00, 2.656976e+02, 2.401681e+01
  0.40, 3.979081e+00, 1.703703e+02, 1.285020e+01
  0.40, 4.800937e+00, 1.173815e+02, 6.724745e+00
  0.40, 5.792571e+00, 8.171095e+01, 3.166617e+00
  0.40, 6.988963e+00, 5.048407e+01, 1.210932e+00
  0.40, 8.432578e+00, 2.257240e+01, 3.078806e-01
  0.40, 1.017431e+01, 5.659752e+00, 5.383913e-02
  0.40, 1.227566e+01, 2.115556e-01, 0.000000e+00
  0.50, 1.239842e-03, 9.167824e+07, 2.235678e+11
  0.50, 1.495928e-03, 1.248510e+08, 2.088171e+11
  0.50, 1.804909e-03, 1.703158e+08, 1.921395e+11
  0.50, 2.177708e-03, 2.327223e+08, 1.732813e+11
  0.50, 2.627509e-03, 3.168381e+08, 1.519325e+11
  0.50, 3.170215e-03, 4.163142e+08, 1.281852e+11
  0.50, 3.825015e-03, 5.176991e+08, 1.030382e+11
  0.50, 4.615062e-03, 5.975073e+08, 7.797914e+10
  0.50, 5.568292e-03, 6.309609e+08, 5.506261e+10
  0.50, 6.718410e-03, 6.013447e+08, 3.590590e+10
  0.50, 8.106081e-03, 5.090868e+08, 2.163176e+10
  0.50, 9.780373e-03, 3.888166e+08, 1.209291e+10
  0.50, 1.180049e-02, 2.711432e+08, 6.310320e+09
  0.50, 1.423785e-02, 1.751771e+08, 3.082315e+09
  0.50, 1.717864e-02, 1.052879e+08, 1.408403e+09
  0.50, 2.072685e-02, 5.882254e+07, 6.002356e+08
  0.50, 2.500793e-02, 3.029469e+07, 2.384921e+08
  0.50, 3.017326e-02, 1.420590e+07, 8.987015e+07
  0.50, 3.640548e-02, 6.098078e+06, 3.432149e+07
  0.50, 4.392494e-02, 2.677686e+06, 1.465289e+07
  0.50, 5.299752e-02, 1.381199e+06, 6.945147e+06
  0.50, 6.394402e-02, 7.381204e+05, 3.590525e+06
  0.50, 7.715152e-02, 4.539396e+05, 2.055908e+06
  0.50, 9.308696e-02, 3.153995e+05, 1.183000e+06
  0.50, 1.123139e-01, 2.292862e+05, 7.116432e+05
  0.50, 1.355121e-01, 1.894260e+05, 3.723637e+05
  0.50, 1.635018e-01, 9.677637e+04, 1.968725e+05
  0.50, 1.972725e-01, 5.404236e+04, 1.195477e+05
  0.50, 2.380187e-01, 3.596218e+04, 8.178787e+04
  0.50, 2.871813e-01, 3.120115e+04, 5.777639e+04
  0.50, 3.464978e-01, 2.767958e+04, 4.013197e+04
  0.50, 4.180661e-01, 2.449328e+04, 2.731068e+04
  0.50, 5.044171e-01, 2.195338e+04, 1.774091e+04
  0.50, 6.086010e-01, 1.828719e+04, 1.086746e+04
  0.50, 7.343078e-01, 1.390139e+04, 6.309651e+03
  0.50, 8.859748e-01, 9.889989e+03, 3.548695e+03
  0.50, 1.068977e+00, 6.922582e+03, 1.924853e+03
  0.50, 1.289769e+00, 4.573651e+03, 1.006808e+03
  0.50, 1.556163e+00, 2.927273e+03, 5.140564e+02
  0.50, 1.877581e+00, 1.855494e+03, 2.520935e+02
  0.50, 2.265379e+00, 1.091429e+03, 1.187703e+02
  0.50, 2.733338e+00, 5.846358e+02, 5.623888e+01
  0.50, 3.297891e+00, 3.157428e+02, 2.907015e+01
  0.50, 3.979081e+00, 2.042248e+02, 1.567117e+01
  0.50, 4.800937e+00, 1.403445e+02, 8.398916e+00
  0.50, 5.792571e+00, 1.000207e+02, 4.059827e+00
  0.50, 6.988963e+00, 6.392386e+01, 1.674063e+00
  0.50, 8.432578e+00, 3.280305e+01, 4.459083e-01
  0.50, 1.017431e+01, 8.172957e+00, 7.740776e-02
  0.50, 1.227566e+01, 2.612260e-01, 0.000000e+00
  0.60, 1.239842e-03, 9.216705e+07, 2.379188e+11
  0.60, 1.495928e-03, 1.255113e+08, 2.230471e+11
  0.60, 1.804909e-03, 1.712116e+08, 2.063243e+11
  0.60, 2.177708e-03, 2.339425e+08, 1.873243e+11
  0.60, 2.627509e-03, 3.198882e+08, 1.658733e+11
  0.60, 3.170215e-03, 4.267402e+08, 1.416967e+11
  0.60, 3.825015e-03, 5.415202e+08, 1.156932e+11
  0.60, 4.615062e-03, 6.415803e+08, 8.912801e+10
  0.60, 5.568292e-03, 6.963974e+08, 6.420150e+10
  0.60, 6.718410e-03, 6.836674e+08, 4.274813e+10
  0.60, 8.106081e-03, 5.947808e+08, 2.630587e+10
  0.60, 9.780373e-03, 4.663246e+08, 1.502564e+10
  0.60, 1.180049e-02, 3.335055e+08, 8.008031e+09
  0.60, 1.423785e-02, 2.205270e+08, 3.996655e+09
  0.60, 1.717864e-02, 1.358123e+08, 1.866736e+09
  0.60, 2.072685e-02, 7.783310e+07, 8.129758e+08
  0.60, 2.500793e-02, 4.122027e+07, 3.286504e+08
  0.60, 3.017326e-02, 1.986255e+07, 1.240974e+08
  0.60, 3.640548e-02, 8.609313e+06, 4.588512e+07
  0.60, 4.392494e-02, 3.603531e+06, 1.855834e+07
  0.60, 5.299752e-02, 1.744006e+06, 8.486180e+06
  0.60, 6.394402e-02, 9.127874e+05, 4.291960e+06
  0.60, 7.715152e-02, 5.504415e+05, 2.406350e+06
  0.60, 9.308696e-02, 3.669847e+05, 1.365647e+06
  0.60, 1.123139e-01, 2.609879e+05, 8.273987e+05
  0.60, 1.355121e-01, 2.231078e+05, 4.341073e+05
  0.60, 1.635018e-01, 1.157578e+05, 2.254707e+05
  0.60, 1.972725e-01, 6.362757e+04, 1.336299e+05
  0.60, 2.380187e-01, 4.040926e+04, 8.978656e+04
  0.60, 2.871813e-01, 3.403759e+04, 6.352193e+04
  0.60, 3.464978e-01, 3.082839e+04, 4.391983e+04
  0.60, 4.180661e-01, 2.668658e+04, 2.983462e+04
  0.60, 5.044171e-01, 2.395204e+04, 1.939859e+04
  0.60, 6.086010e-01, 1.996529e+04, 1.189852e+04
  0.60, 7.343078e-01, 1.518457e+04, 6.919690e+03
  0.60, 8.859748e-01, 1.082137e+04, 3.903904e+03
  0.60, 1.068977e+00, 7.585618e+03, 2.123520e+03
  0.60, 1.289769e+00, 5.000949e+03, 1.120200e+03
  0.60, 1.556163e+00, 3.246996e+03, 5.781041e+02
  0.60, 1.877581e+00, 2.075681e+03, 2.859760e+02
  0.60, 2.265379e+00, 1.230840e+03, 1.367492e+02
  0.60, 2.733338e+00, 6.734779e+02, 6.534057e+01
  0.60, 3.297891e+00, 3.636341e+02, 3.415046e+01
  0.60, 3.979081e+00, 2.384929e+02, 1.856405e+01
  0.60, 4.800937e+00, 1.632501e+02, 1.011564e+01
  0.60, 5.792571e+00, 1.183578e+02, 5.021139e+00
  0.60, 6.988963e+00, 7.817377e+01, 2.172051e+00
  0.60, 8.432578e+00, 4.320596e+01, 6.214434e-01
  0.60, 1.017431e+01, 1.216576e+01, 1.143621e-01
  0.60, 1.227566e+01, 2.760827e-01, 0.000000e+00
  0.80, 1.239842e-03, 9.137791e+07, 2.606929e+11
  0.80, 1.495928e-03, 1.244962e+08, 2.459069e+11
  0.80, 1.804909e-03, 1.699121e+08, 2.293532e+11
  0.80, 2.177708e-03, 2.322879e+08, 2.104544e+11
  0.80, 2.627509e-03, 3.180846e+08, 1.891805e+11
  0.80, 3.170215e-03, 4.335709e+08, 1.649114e+11
  0.80, 3.825015e-03, 5.685977e+08, 1.380609e+11
  0.80, 4.615062e-03, 7.027520e+08, 1.096059e+11
  0.80, 5.568292e-03, 8.009300e+08, 8.163280e+10
  0.80, 6.718410e-03, 8.263833e+08, 5.636716e+10
  0.80, 8.106081e-03, 7.550204e+08, 3.600692e+10
  0.80, 9.780373e-03, 6.201700e+08, 2.138175e+10
  0.80, 1.180049e-02, 4.650207e+08, 1.183630e+10
  0.80, 1.423785e-02, 3.205688e+08, 6.138357e+09
  0.80, 1.717864e-02, 2.062622e+08, 2.981716e+09
  0.80, 2.072685e-02, 1.236417e+08, 1.349888e+09
  0.80, 2.500793e-02, 6.866007e+07, 5.649805e+08
  0.80, 3.017326e-02, 3.478773e+07, 2.170290e+08
  0.80, 3.640548e-02, 1.560792e+07, 7.767344e+07
  0.80, 4.392494e-02, 6.258095e+06, 2.862097e+07
  0.80, 5.299752e-02, 2.668722e+06, 1.202084e+07
  0.80, 6.394402e-02, 1.303000e+06, 5.822041e+06
  0.80, 7.715152e-02, 7.690298e+05, 3.143897e+06
  0.80, 9.308696e-02, 4.784525e+05, 1.729544e+06
  0.80, 1.123139e-01, 3.240837e+05, 1.052676e+06
  0.80, 1.355121e-01, 2.896780e+05, 5.516692e+05
  0.80, 1.635018e-01, 1.524889e+05, 2.785423e+05
  0.80, 1.972725e-01, 8.140427e+04, 1.585640e+05
  0.80, 2.380187e-01, 4.899609e+04, 1.039801e+05
  0.80, 2.871813e-01, 3.983757e+04, 7.252027e+04
  0.80, 3.464978e-01, 3.488052e+04, 5.006736e+04
  0.80, 4.180661e-01, 3.030353e+04, 3.409971e+04
  0.80, 5.044171e-01, 2.730275e+04, 2.223249e+04
  0.80, 6.086010e-01, 2.284833e+04, 1.366264e+04
  0.80, 7.343078e-01, 1.739604e+04, 7.963404e+03
  0.80, 8.859748e-01, 1.240217e+04, 4.505893e+03
  0.80, 1.068977e+00, 8.705389e+03, 2.466495e+03
  0.80, 1.289769e+00, 5.781512e+03, 1.310386e+03
  0.80, 1.556163e+00, 3.771756e+03, 6.829036e+02
  0.80, 1.877581e+00, 2.433676e+03, 3.419311e+02
  0.80, 2.265379e+00, 1.458711e+03, 1.664149e+02
  0.80, 2.733338e+00, 8.137736e+02, 8.096703e+01
  0.80, 3.297891e+00, 4.457557e+02, 4.311078e+01
  0.80, 3.979081e+00, 2.987681e+02, 2.379598e+01
  0.80, 4.800937e+00, 2.047404e+02, 1.318417e+01
  0.80, 5.792571e+00, 1.503623e+02, 6.795642e+00
  0.80, 6.988963e+00, 1.034838e+02, 3.089837e+00
  0.80, 8.432578e+00, 6.107198e+01, 1.010928e+00
  0.80, 1.017431e+01, 2.259885e+01, 2.108726e-01
  0.80, 1.227566e+01, 3.083430e-01, 0.000000e+00
  1.00, 1.239842e-03, 8.835920e+07, 2.732828e+11
  1.00, 1.495928e-03, 1.204745e+08, 2.590349e+11
  1.00, 1.804909e-03, 1.645494e+08, 2.429545e+11
  1.00, 2.177708e-03, 2.251300e+08, 2.247002e+11
  1.00, 2.627509e-03, 3.085211e+08, 2.040184e+11
  1.00, 3.170215e-03, 4.234254e+08, 1.804744e+11
  1.00, 3.825015e-03, 5.697271e+08, 1.539093e+11
  1.00, 4.615062e-03, 7.274153e+08, 1.249609e+11
  1.00, 5.568292e-03, 8.631341e+08, 9.542569e+10
  1.00, 6.718410e-03, 9.267098e+08, 6.765630e+10
  1.00, 8.106081e-03, 8.786725e+08, 4.440740e+10
  1.00, 9.780373e-03, 7.483196e+08, 2.709728e+10
  1.00, 1.180049e-02, 5.805688e+08, 1.538893e+10
  1.00, 1.423785e-02, 4.119904e+08, 8.180558e+09
  1.00, 1.717864e-02, 2.727721e+08, 4.071678e+09
  1.00, 2.072685e-02, 1.681528e+08, 1.886530e+09
  1.00, 2.500793e-02, 9.603880e+07, 8.064726e+08
  1.00, 3.017326e-02, 5.017800e+07, 3.132561e+08
  1.00, 3.640548e-02, 2.296237e+07, 1.103059e+08
  1.00, 4.392494e-02, 9.023147e+06, 3.840982e+07
  1.00, 5.299752e-02, 3.553988e+06, 1.520478e+07
  1.00, 6.394402e-02, 1.658268e+06, 7.141465e+06
  1.00, 7.715152e-02, 9.667909e+05, 3.731021e+06
  1.00, 9.308696e-02, 5.622606e+05, 2.003167e+06
  1.00, 1.123139e-01, 3.663387e+05, 1.230428e+06
  1.00, 1.355121e-01, 3.421842e+05, 6.505041e+05
  1.00, 1.635018e-01, 1.866809e+05, 3.226563e+05
  1.00, 1.972725e-01, 9.817829e+04, 1.754724e+05
  1.00, 2.380187e-01, 5.413720e+04, 1.123665e+05
  1.00, 2.871813e-01, 4.287151e+04, 7.803818e+04
  1.00, 3.464978e-01, 3.699707e+04, 5.407470e+04
  1.00, 4.180661e-01, 3.227884e+04, 3.713146e+04
  1.00, 5.044171e-01, 2.952879e+04, 2.439844e+04
  1.00, 6.086010e-01, 2.501677e+04, 1.507085e+04
  1.00, 7.343078e-01, 1.915492e+04, 8.811241e+03
  1.00, 8.859748e-01, 1.369404e+04, 5.000180e+03
  1.00, 1.068977e+00, 9.658700e+03, 2.743554e+03
  1.00, 1.289769e+00, 6.435707e+03, 1.458397e+03
  1.00, 1.556163e+00, 4.191223e+03, 7.602966e+02
  1.00, 1.877581e+00, 2.714412e+03, 3.813574e+02
  1.00, 2.265379e+00, 1.639365e+03, 1.845146e+02
  1.00, 2.733338e+00, 9.041893e+02, 8.900040e+01
  1.00, 3.297891e+00, 4.886220e+02, 4.712354e+01
  1.00, 3.979081e+00, 3.233443e+02, 2.611842e+01
  1.00, 4.800937e+00, 2.224809e+02, 1.460584e+01
  1.00, 5.792571e+00, 1.649170e+02, 7.649168e+00
  1.00, 6.988963e+00, 1.150598e+02, 3.547533e+00
  1.00, 8.432578e+00, 6.978961e+01, 1.227834e+00
  1.00, 1.017431e+01, 2.878070e+01, 2.680506e-01
  1.00, 1.227566e+01, 3.265787e-01, 0.000000e+00
  1.25, 1.239842e-03, 8.246774e+07, 2.770361e+11
  1.25, 1.495928e-03, 1.125526e+08, 2.637197e+11
  1.25, 1.804909e-03, 1.538820e+08, 2.487008e+11
  1.25, 2.177708e-03, 2.107446e+08, 2.316096e+11
  1.25, 2.627509e-03, 2.890931e+08, 2.122512e+11
  1.25, 3.170215e-03, 3.971975e+08, 1.901661e+11
  1.25, 3.825015e-03, 5.447116e+08, 1.650854e+11
  1.25, 4.615062e-03, 7.187729e+08, 1.369249e+11
  1.25, 5.568292e-03, 8.872650e+08, 1.072087e+11
  1.25, 6.718410e-03, 9.956010e+08, 7.801081e+10
  1.25, 8.106081e-03, 9.796652e+08, 5.257225e+10
  1.25, 9.780373e-03, 8.657552e+08, 3.293942e+10
  1.25, 1.180049e-02, 6.953433e+08, 1.915924e+10
  1.25, 1.423785e-02, 5.069618e+08, 1.041873e+10
  1.25, 1.717864e-02, 3.447304e+08, 5.301144e+09
  1.25, 2.072685e-02, 2.178586e+08, 2.508455e+09
  1.25, 2.500793e-02, 1.275291e+08, 1.094583e+09
  1.25, 3.017326e-02, 6.861681e+07, 4.315961e+08
  1.25, 3.640548e-02, 3.219835e+07, 1.507384e+08
  1.25, 4.392494e-02, 1.250441e+07, 5.002879e+07
  1.25, 5.299752e-02, 4.586497e+06, 1.869811e+07
  1.25, 6.394402e-02, 2.042336e+06, 8.546772e+06
  1.25, 7.715152e-02, 1.198543e+06, 4.313317e+06
  1.25, 9.308696e-02, 6.491532e+05, 2.222112e+06
  1.25, 1.123139e-01, 3.915155e+05, 1.376998e+06
  1.25, 1.355121e-01, 3.899792e+05, 7.328324e+05
  1.25, 1.635018e-01, 2.160526e+05, 3.556550e+05
  1.25, 1.972725e-01, 1.108405e+05, 1.867357e+05
  1.25, 2.380187e-01, 5.780688e+04, 1.170880e+05
  1.25, 2.871813e-01, 4.440072e+04, 8.109106e+04
  1.25, 3.464978e-01, 3.793244e+04, 5.632914e+04
  1.25, 4.180661e-01, 3.293632e+04, 3.907682e+04
  1.25, 5.044171e-01, 3.083487e+04, 2.592814e+04
  1.25, 6.086010e-01, 2.651460e+04, 1.611553e+04
  1.25, 7.343078e-01, 2.045876e+04, 9.451621e+03
  1.25, 8.859748e-01, 1.467209e+04, 5.377201e+03
  1.25, 1.068977e+00, 1.039923e+04, 2.953077e+03
  1.25, 1.289769e+00, 6.916537e+03, 1.569560e+03
  1.25, 1.556163e+00, 4.516754e+03, 8.200395e+02
  1.25, 1.877581e+00, 2.943742e+03, 4.091737e+02
  1.25, 2.265379e+00, 1.765215e+03, 1.971106e+02
  1.25, 2.733338e+00, 9.793230e+02, 9.354371e+01
  1.25, 3.297891e+00, 5.112017e+02, 4.893160e+01
  1.25, 3.979081e+00, 3.335789e+02, 2.706632e+01
  1.25, 4.800937e+00, 2.271698e+02, 1.528031e+01
  1.25, 5.792571e+00, 1.711898e+02, 8.123807e+00
  1.25, 6.988963e+00, 1.220374e+02, 3.827282e+00
  1.25, 8.432578e+00, 7.563246e+01, 1.341388e+00
  1.25, 1.017431e+01, 3.163668e+01, 2.942719e-01
  1.25, 1.227566e+01, 3.095536e-01, 0.000000e+00
  1.50, 1.239842e-03, 7.479218e+07, 2.685790e+11
  1.50, 1.495928e-03, 1.021645e+08, 2.564176e+11
  1.50, 1.804909e-03, 1.398001e+08, 2.428579e+11
  1.50, 2.177708e-03, 1.916247e+08, 2.272448e+11
  1.50, 2.627509e-03, 2.630909e+08, 2.097140e+11
  1.50, 3.170215e-03, 3.617795e+08, 1.895276e+11
  1.50, 3.825015e-03, 4.982407e+08, 1.667250e+11
  1.50, 4.615062e-03, 6.753692e+08, 1.406157e+11
  1.50, 5.568292e-03, 8.609779e+08, 1.122586e+11
  1.50, 6.718410e-03, 1.002398e+09, 8.340885e+10
  1.50, 8.106081e-03, 1.017784e+09, 5.737007e+10
  1.50, 9.780373e-03, 9.256661e+08, 3.671348e+10
  1.50, 1.180049e-02, 7.657852e+08, 2.175558e+10
  1.50, 1.423785e-02, 5.700738e+08, 1.203753e+10
  1.50, 1.717864e-02, 3.956885e+08, 6.228484e+09
  1.50, 2.072685e-02, 2.548020e+08, 2.995627e+09
  1.50, 2.500793e-02, 1.519128e+08, 1.329016e+09
  1.50, 3.017326e-02, 8.358819e+07, 5.320558e+08
  1.50, 3.640548e-02, 4.020382e+07, 1.861634e+08
  1.50, 4.392494e-02, 1.565706e+07, 5.989001e+07
  1.50, 5.299752e-02, 5.460093e+06, 2.135994e+07
  1.50, 6.394402e-02, 2.326137e+06, 9.511351e+06
  1.50, 7.715152e-02, 1.364931e+06, 4.697357e+06
  1.50, 9.308696e-02, 7.128895e+05, 2.326138e+06
  1.50, 1.123139e-01, 3.894736e+05, 1.455783e+06
  1.50, 1.355121e-01, 4.180599e+05, 7.855869e+05
  1.50, 1.635018e-01, 2.378382e+05, 3.753612e+05
  1.50, 1.972725e-01, 1.198742e+05, 1.902971e+05
  1.50, 2.380187e-01, 5.925888e+04, 1.166087e+05
  1.50, 2.871813e-01, 4.413738e+04, 8.031653e+04
  1.50, 3.464978e-01, 3.717409e+04, 5.583458e+04
  1.50, 4.180661e-01, 3.204516e+04, 3.904101e+04
  1.50, 5.044171e-01, 3.048301e+04, 2.614787e+04
  1.50, 6.086010e-01, 2.666529e+04, 1.637227e+04
  1.50, 7.343078e-01, 2.078626e+04, 9.625107e+03
  1.50, 8.859748e-01, 1.491631e+04, 5.489535e+03
  1.50, 1.068977e+00, 1.062407e+04, 3.016475e+03
  1.50, 1.289769e+00, 7.060104e+03, 1.605017e+03
  1.50, 1.556163e+00, 4.619284e+03, 8.382832e+02
  1.50, 1.877581e+00, 3.013472e+03, 4.188444e+02
  1.50, 2.265379e+00, 1.828100e+03, 2.001959e+02
  1.50, 2.733338e+00, 9.996428e+02, 9.347510e+01
  1.50, 3.297891e+00, 5.098910e+02, 4.844299e+01
  1.50, 3.979081e+00, 3.291937e+02, 2.670093e+01
  1.50, 4.800937e+00, 2.210242e+02, 1.517259e+01
  1.50, 5.792571e+00, 1.686871e+02, 8.174896e+00
  1.50, 6.988963e+00, 1.227687e+02, 3.901301e+00
  1.50, 8.432578e+00, 7.735501e+01, 1.380534e+00
  1.50, 1.017431e+01, 3.271484e+01, 3.039684e-01
  1.50, 1.227566e+01, 2.766722e-01, 0.000000e+00
  2.00, 1.239842e-03, 5.604594e+07, 2.205090e+11
  2.00, 1.495928e-03, 7.661013e+07, 2.114975e+11
  2.00, 1.804909e-03, 1.049052e+08, 2.012210e+11
  2.00, 2.177708e-03, 1.438958e+08, 1.896057e+11
  2.00, 2.627509e-03, 1.977023e+08, 1.763316e+11
  2.00, 3.170215e-03, 2.720563e+08, 1.612618e+11
  2.00, 3.825015e-03, 3.749393e+08, 1.440031e+11
  2.00, 4.615062e-03, 5.174756e+08, 1.243329e+11
  2.00, 5.568292e-03, 6.967374e+08, 1.019655e+11
  2.00, 6.718410e-03, 8.572734e+08, 7.800348e+10
  2.00, 8.106081e-03, 9.135603e+08, 5.513557e+10
  2.00, 9.780373e-03, 8.637325e+08, 3.627528e+10
  2.00, 1.180049e-02, 7.440689e+08, 2.202630e+10
  2.00, 1.423785e-02, 5.694710e+08, 1.245903e+10
  2.00, 1.717864e-02, 4.056450e+08, 6.588713e+09
  2.00, 2.072685e-02, 2.676373e+08, 3.235923e+09
  2.00, 2.500793e-02, 1.630953e+08, 1.469952e+09
  2.00, 3.017326e-02, 9.262776e+07, 6.028962e+08
  2.00, 3.640548e-02, 4.618559e+07, 2.138271e+08
  2.00, 4.392494e-02, 1.838397e+07, 6.695919e+07
  2.00, 5.299752e-02, 6.063735e+06, 2.248499e+07
  2.00, 6.394402e-02, 2.419997e+06, 9.751666e+06
  2.00, 7.715152e-02, 1.458294e+06, 4.666325e+06
  2.00, 9.308696e-02, 7.144489e+05, 2.170579e+06
  2.00, 1.123139e-01, 3.307103e+05, 1.377565e+06
  2.00, 1.355121e-01, 3.998816e+05, 7.683595e+05
  2.00, 1.635018e-01, 2.429323e+05, 3.615226e+05
  2.00, 1.972725e-01, 1.192815e+05, 1.738535e+05
  2.00, 2.380187e-01, 5.464135e+04, 1.027865e+05
  2.00, 2.871813e-01, 3.913117e+04, 7.000889e+04
  2.00, 3.464978e-01, 3.186404e+04, 4.854992e+04
  2.00, 4.180661e-01, 2.676473e+04, 3.445153e+04
  2.00, 5.044171e-01, 2.641089e+04, 2.348972e+04
  2.00, 6.086010e-01, 2.381383e+04, 1.488760e+04
  2.00, 7.343078e-01, 1.885269e+04, 8.809965e+03
  2.00, 8.859748e-01, 1.361116e+04, 5.049537e+03
  2.00, 1.068977e+00, 9.777540e+03, 2.784500e+03
  2.00, 1.289769e+00, 6.505133e+03, 1.482410e+03
  2.00, 1.556163e+00, 4.245539e+03, 7.786242e+02
  2.00, 1.877581e+00, 2.815677e+03, 3.898872e+02
  2.00, 2.265379e+00, 1.721904e+03, 1.848753e+02
  2.00, 2.733338e+00, 9.359831e+02, 8.430494e+01
  2.00, 3.297891e+00, 4.589506e+02, 4.285444e+01
  2.00, 3.979081e+00, 2.902192e+02, 2.346848e+01
  2.00, 4.800937e+00, 1.900515e+02, 1.340676e+01
  2.00, 5.792571e+00, 1.450336e+02, 7.426151e+00
  2.00, 6.988963e+00, 1.110574e+02, 3.666414e+00
  2.00, 8.432578e+00, 7.326508e+01, 1.337211e+00
  2.00, 1.017431e+01, 3.220987e+01, 2.984983e-01
  2.00, 1.227566e+01, 1.706432e-01, 0.000000e+00
  2.50, 1.239842e-03, 3.703562e+07, 1.542990e+11
  2.50, 1.495928e-03, 5.060640e+07, 1.482857e+11
  2.50, 1.804909e-03, 6.927383e+07, 1.415580e+11
  2.50, 2.177708e-03, 9.499106e+07, 1.338297e+11
  2.50, 2.627509e-03, 1.304720e+08, 1.251278e+11
  2.50, 3.170215e-03, 1.794912e+08, 1.151246e+11
  2.50, 3.825015e-03, 2.473045e+08, 1.037990e+11
  2.50, 4.615062e-03, 3.412364e+08, 9.076699e+10
  2.50, 5.568292e-03, 4.712901e+08, 7.594420e+10
  2.50, 6.718410e-03, 6.124627e+08, 5.924443e+10
  2.50, 8.106081e-03, 6.734768e+08, 4.262449e+10
  2.50, 9.780373e-03, 6.550613e+08, 2.854701e+10
  2.50, 1.180049e-02, 5.796503e+08, 1.758239e+10
  2.50, 1.423785e-02, 4.505408e+08, 1.007710e+10
  2.50, 1.717864e-02, 3.262336e+08, 5.397372e+09
  2.50, 2.072685e-02, 2.181250e+08, 2.683601e+09
  2.50, 2.500793e-02, 1.344632e+08, 1.237630e+09
  2.50, 3.017326e-02, 7.791722e+07, 5.172283e+08
  2.50, 3.640548e-02, 3.997894e+07, 1.858879e+08
  2.50, 4.392494e-02, 1.620297e+07, 5.759425e+07
  2.50, 5.299752e-02, 5.192890e+06, 1.867516e+07
  2.50, 6.394402e-02, 1.962754e+06, 8.055633e+06
  2.50, 7.715152e-02, 1.250482e+06, 3.843678e+06
  2.50, 9.308696e-02, 6.038999e+05, 1.670754e+06
  2.50, 1.123139e-01, 2.180404e+05, 1.083601e+06
  2.50, 1.355121e-01, 3.166053e+05, 6.324700e+05
  2.50, 1.635018e-01, 2.071423e+05, 2.978929e+05
  2.50, 1.972725e-01, 1.015006e+05, 1.368681e+05
  2.50, 2.380187e-01, 4.271016e+04, 7.855926e+04
  2.50, 2.871813e-01, 3.014534e+04, 5.317251e+04
  2.50, 3.464978e-01, 2.415797e+04, 3.668545e+04
  2.50, 4.180661e-01, 1.946869e+04, 2.623355e+04
  2.50, 5.044171e-01, 1.954024e+04, 1.823880e+04
  2.50, 6.086010e-01, 1.841452e+04, 1.172714e+04
  2.50, 7.343078e-01, 1.480031e+04, 6.977954e+03
  2.50, 8.859748e-01, 1.070787e+04, 4.031031e+03
  2.50, 1.068977e+00, 7.817154e+03, 2.233051e+03
  2.50, 1.289769e+00, 5.207173e+03, 1.191113e+03
  2.50, 1.556163e+00, 3.387928e+03, 6.283822e+02
  2.50, 1.877581e+00, 2.265458e+03, 3.178840e+02
  2.50, 2.265379e+00, 1.424160e+03, 1.507145e+02
  2.50, 2.733338e+00, 7.720858e+02, 6.729993e+01
  2.50, 3.297891e+00, 3.662002e+02, 3.369319e+01
  2.50, 3.979081e+00, 2.283305e+02, 1.823065e+01
  2.50, 4.800937e+00, 1.449344e+02, 1.048783e+01
  2.50, 5.792571e+00, 1.107075e+02, 5.885333e+00
  2.50, 6.988963e+00, 8.540174e+01, 3.048943e+00
  2.50, 8.432578e+00, 6.195140e+01, 1.170238e+00
  2.50, 1.017431e+01, 2.883384e+01, 2.674531e-01
  2.50, 1.227566e+01, 1.843223e-01, 0.000000e+00
  3.00, 1.239842e-03, 2.112698e+07, 9.238326e+10
  3.00, 1.495928e-03, 2.886005e+07, 8.894109e+10
  3.00, 1.804909e-03, 3.949432e+07, 8.511737e+10
  3.00, 2.177708e-03, 5.414122e+07, 8.069952e+10
  3.00, 2.627509e-03, 7.434510e+07, 7.575283e+10
  3.00, 3.170215e-03, 1.022527e+08, 7.004113e+10
  3.00, 3.825015e-03, 1.408532e+08, 6.360231e+10
  3.00, 4.615062e-03, 1.943121e+08, 5.616825e+10
  3.00, 5.568292e-03, 2.684386e+08, 4.773958e+10
  3.00, 6.718410e-03, 3.672354e+08, 3.804294e+10
  3.00, 8.106081e-03, 4.203819e+08, 2.779209e+10
  3.00, 9.780373e-03, 4.160439e+08, 1.897623e+10
  3.00, 1.180049e-02, 3.815570e+08, 1.187299e+10
  3.00, 1.423785e-02, 3.012424e+08, 6.894773e+09
  3.00, 1.717864e-02, 2.215917e+08, 3.745057e+09
  3.00, 2.072685e-02, 1.507377e+08, 1.886038e+09
  3.00, 2.500793e-02, 9.383178e+07, 8.821924e+08
  3.00, 3.017326e-02, 5.523665e+07, 3.769517e+08
  3.00, 3.640548e-02, 2.936210e+07, 1.385747e+08
  3.00, 4.392494e-02, 1.230068e+07, 4.293305e+07
  3.00, 5.299752e-02, 3.917829e+06, 1.336129e+07
  3.00, 6.394402e-02, 1.340478e+06, 5.586955e+06
  3.00, 7.715152e-02, 8.784789e+05, 2.773685e+06
  3.00, 9.308696e-02, 4.722194e+05, 1.106812e+06
  3.00, 1.123139e-01, 1.063498e+05, 7.317737e+05
  3.00, 1.355121e-01, 2.167824e+05, 4.521305e+05
  3.00, 1.635018e-01, 1.533530e+05, 2.133137e+05
  3.00, 1.972725e-01, 7.566567e+04, 9.319041e+04
  3.00, 2.380187e-01, 2.895942e+04, 5.097203e+04
  3.00, 2.871813e-01, 1.942534e+04, 3.449086e+04
  3.00, 3.464978e-01, 1.599209e+04, 2.353425e+04
  3.00, 4.180661e-01, 1.198148e+04, 1.690907e+04
  3.00, 5.044171e-01, 1.217717e+04, 1.195978e+04
  3.00, 6.086010e-01, 1.194306e+04, 7.843463e+03
  3.00, 7.343078e-01, 9.921189e+03, 4.690441e+03
  3.00, 8.859748e-01, 7.109214e+03, 2.730554e+03
  3.00, 1.068977e+00, 5.304568e+03, 1.525388e+03
  3.00, 1.289769e+00, 3.559460e+03, 8.132683e+02
  3.00, 1.556163e+00, 2.293190e+03, 4.316824e+02
  3.00, 1.877581e+00, 1.547653e+03, 2.200379e+02
  3.00, 2.265379e+00, 9.911637e+02, 1.057144e+02
  3.00, 2.733338e+00, 5.557704e+02, 4.618592e+01
  3.00, 3.297891e+00, 2.484875e+02, 2.270504e+01
  3.00, 3.979081e+00, 1.557747e+02, 1.214679e+01
  3.00, 4.800937e+00, 9.466248e+01, 6.954084e+00
  3.00, 5.792571e+00, 7.153354e+01, 3.987447e+00
  3.00, 6.988963e+00, 5.601223e+01, 2.126810e+00
  3.00, 8.432578e+00, 4.258781e+01, 8.920753e-01
  3.00, 1.017431e+01, 2.337085e+01, 2.170188e-01
  3.00, 1.227566e+01, 1.806043e-01, 0.000000e+00
  3.90, 1.239842e-03, 1.531775e+06, 7.228603e+09
  3.90, 1.495928e-03, 2.092058e+06, 7.011567e+09
  3.90, 1.804909e-03, 2.860958e+06, 6.701955e+09
  3.90, 2.177708e-03, 3.920158e+06, 6.414541e+09
  3.90, 2.627509e-03, 5.380827e+06, 6.023911e+09
  3.90, 3.170215e-03, 7.397379e+06, 5.643144e+09
  3.90, 3.825015e-03, 1.018544e+07, 5.144909e+09
  3.90, 4.615062e-03, 1.404564e+07, 4.639974e+09
  3.90, 5.568292e-03, 1.939664e+07, 3.998303e+09
  3.90, 6.718410e-03, 2.682289e+07, 3.327540e+09
  3.90, 8.106081e-03, 3.511684e+07, 2.509632e+09
  3.90, 9.780373e-03, 3.545370e+07, 1.766223e+09
  3.90, 1.180049e-02, 3.421557e+07, 1.149501e+09
  3.90, 1.423785e-02, 2.867050e+07, 6.874191e+08
  3.90, 1.717864e-02, 2.168116e+07, 3.849091e+08
  3.90, 2.072685e-02, 1.534448e+07, 1.990847e+08
  3.90, 2.500793e-02, 9.800428e+06, 9.605020e+07
  3.90, 3.017326e-02, 5.926300e+06, 4.234651e+07
  3.90, 3.640548e-02, 3.259741e+06, 1.674726e+07
  3.90, 4.392494e-02, 1.578298e+06, 5.388443e+06
  3.90, 5.299752e-02, 5.096767e+05, 1.545734e+06
  3.90, 6.394402e-02, 1.504658e+05, 5.846696e+05
  3.90, 7.715152e-02, 8.258032e+04, 2.877406e+05
  3.90, 9.308696e-02, 5.421646e+04, 1.329756e+05
  3.90, 1.123139e-01, 1.413327e+04, 6.706189e+04
  3.90, 1.355121e-01, 7.038276e+03, 6.176847e+04
  3.90, 1.635018e-01, 2.745896e+04, 3.567205e+04
  3.90, 1.972725e-01, 1.541615e+04, 1.158223e+04
  3.90, 2.380187e-01, 3.058699e+03, 4.792655e+03
  3.90, 2.871813e-01, 1.870307e+03, 3.066432e+03
  3.90, 3.464978e-01, 1.391185e+03, 2.106619e+03
  3.90, 4.180661e-01, 1.096688e+03, 1.489484e+03
  3.90, 5.044171e-01, 9.328914e+02, 1.082846e+03
  3.90, 6.086010e-01, 1.025885e+03, 7.567957e+02
  3.90, 7.343078e-01, 9.837296e+02, 4.612470e+02
  3.90, 8.859748e-01, 6.769628e+02, 2.680844e+02
  3.90, 1.068977e+00, 5.099267e+02, 1.562546e+02
  3.90, 1.289769e+00, 3.774724e+02, 8.251848e+01
  3.90, 1.556163e+00, 2.256599e+02, 4.405488e+01
  3.90, 1.877581e+00, 1.553628e+02, 2.271961e+01
  3.90, 2.265379e+00, 1.011007e+02, 1.147075e+01
  3.90, 2.733338e+00, 6.472380e+01, 4.885712e+00
  3.90, 3.297891e+00, 2.569031e+01, 2.261210e+00
  3.90, 3.979081e+00, 1.573586e+01, 1.205989e+00
  3.90, 4.800937e+00, 9.384181e+00, 6.612467e-01
  3.90, 5.792571e+00, 6.383299e+00, 4.001631e-01
  3.90, 6.988963e+00, 5.169081e+00, 2.167398e-01
  3.90, 8.432578e+00, 3.854426e+00, 1.174267e-01
  3.90, 1.017431e+01, 3.586357e+00, 3.395089e-02
  3.90, 1.227566e+01, 1.125046e-01, 0.000000e+00
