# size in redshift 18 - size in energy 50
# z - log[eps/eV] - log[n/(1/eV/m3)] - log[I_gamma/(1/eV2/m3)]
  0.00, -2.907e+00,  7.745e+00,  1.092e+01
  0.00, -2.825e+00,  7.876e+00,  1.087e+01
  0.00, -2.744e+00,  8.003e+00,  1.081e+01
  0.00, -2.662e+00,  8.112e+00,  1.073e+01
  0.00, -2.580e+00,  8.196e+00,  1.063e+01
  0.00, -2.499e+00,  8.247e+00,  1.050e+01
  0.00, -2.417e+00,  8.259e+00,  1.034e+01
  0.00, -2.336e+00,  8.225e+00,  1.015e+01
  0.00, -2.254e+00,  8.143e+00,  9.925e+00
  0.00, -2.173e+00,  8.020e+00,  9.667e+00
  0.00, -2.091e+00,  7.856e+00,  9.380e+00
  0.00, -2.010e+00,  7.659e+00,  9.066e+00
  0.00, -1.928e+00,  7.435e+00,  8.727e+00
  0.00, -1.847e+00,  7.183e+00,  8.360e+00
  0.00, -1.765e+00,  6.901e+00,  7.964e+00
  0.00, -1.683e+00,  6.577e+00,  7.541e+00
  0.00, -1.602e+00,  6.201e+00,  7.129e+00
  0.00, -1.520e+00,  5.846e+00,  6.777e+00
  0.00, -1.439e+00,  5.571e+00,  6.480e+00
  0.00, -1.357e+00,  5.342e+00,  6.220e+00
  0.00, -1.276e+00,  5.142e+00,  5.985e+00
  0.00, -1.194e+00,  4.983e+00,  5.775e+00
  0.00, -1.113e+00,  4.894e+00,  5.558e+00
  0.00, -1.031e+00,  4.755e+00,  5.320e+00
  0.00, -9.496e-01,  4.532e+00,  5.101e+00
  0.00, -8.680e-01,  4.328e+00,  4.929e+00
  0.00, -7.865e-01,  4.214e+00,  4.789e+00
  0.00, -7.049e-01,  4.169e+00,  4.657e+00
  0.00, -6.234e-01,  4.144e+00,  4.517e+00
  0.00, -5.418e-01,  4.117e+00,  4.365e+00
  0.00, -4.603e-01,  4.076e+00,  4.195e+00
  0.00, -3.788e-01,  4.016e+00,  4.007e+00
  0.00, -2.972e-01,  3.937e+00,  3.795e+00
  0.00, -2.157e-01,  3.825e+00,  3.560e+00
  0.00, -1.341e-01,  3.684e+00,  3.303e+00
  0.00, -5.258e-02,  3.519e+00,  3.028e+00
  0.00,  2.897e-02,  3.339e+00,  2.729e+00
  0.00,  1.105e-01,  3.131e+00,  2.407e+00
  0.00,  1.921e-01,  2.897e+00,  2.057e+00
  0.00,  2.736e-01,  2.625e+00,  1.688e+00
  0.00,  3.551e-01,  2.332e+00,  1.307e+00
  0.00,  4.367e-01,  2.015e+00,  9.322e-01
  0.00,  5.182e-01,  1.715e+00,  5.889e-01
  0.00,  5.998e-01,  1.489e+00,  2.466e-01
  0.00,  6.813e-01,  1.257e+00, -1.408e-01
  0.00,  7.629e-01,  9.578e-01, -6.210e-01
  0.00,  8.444e-01,  5.187e-01, -1.182e+00
  0.00,  9.260e-01,  2.596e-02, -1.820e+00
  0.00,  1.008e+00, -5.369e-01, -2.547e+00
  0.00,  1.089e+00, -1.684e+00, -1.000e+01
  0.01, -2.907e+00,  7.734e+00,  1.092e+01
  0.01, -2.825e+00,  7.864e+00,  1.087e+01
  0.01, -2.744e+00,  7.992e+00,  1.081e+01
  0.01, -2.662e+00,  8.102e+00,  1.073e+01
  0.01, -2.580e+00,  8.187e+00,  1.063e+01
  0.01, -2.499e+00,  8.241e+00,  1.050e+01
  0.01, -2.417e+00,  8.255e+00,  1.034e+01
  0.01, -2.336e+00,  8.223e+00,  1.015e+01
  0.01, -2.254e+00,  8.144e+00,  9.929e+00
  0.01, -2.173e+00,  8.023e+00,  9.672e+00
  0.01, -2.091e+00,  7.860e+00,  9.386e+00
  0.01, -2.010e+00,  7.665e+00,  9.074e+00
  0.01, -1.928e+00,  7.442e+00,  8.736e+00
  0.01, -1.847e+00,  7.192e+00,  8.370e+00
  0.01, -1.765e+00,  6.911e+00,  7.976e+00
  0.01, -1.683e+00,  6.590e+00,  7.554e+00
  0.01, -1.602e+00,  6.216e+00,  7.139e+00
  0.01, -1.520e+00,  5.855e+00,  6.784e+00
  0.01, -1.439e+00,  5.579e+00,  6.486e+00
  0.01, -1.357e+00,  5.348e+00,  6.224e+00
  0.01, -1.276e+00,  5.149e+00,  5.990e+00
  0.01, -1.194e+00,  4.993e+00,  5.774e+00
  0.01, -1.113e+00,  4.892e+00,  5.558e+00
  0.01, -1.031e+00,  4.760e+00,  5.315e+00
  0.01, -9.496e-01,  4.517e+00,  5.099e+00
  0.01, -8.680e-01,  4.330e+00,  4.929e+00
  0.01, -7.865e-01,  4.215e+00,  4.788e+00
  0.01, -7.049e-01,  4.170e+00,  4.655e+00
  0.01, -6.234e-01,  4.140e+00,  4.515e+00
  0.01, -5.418e-01,  4.114e+00,  4.363e+00
  0.01, -4.603e-01,  4.074e+00,  4.194e+00
  0.01, -3.788e-01,  4.014e+00,  4.006e+00
  0.01, -2.972e-01,  3.935e+00,  3.795e+00
  0.01, -2.157e-01,  3.824e+00,  3.560e+00
  0.01, -1.341e-01,  3.683e+00,  3.304e+00
  0.01, -5.258e-02,  3.520e+00,  3.028e+00
  0.01,  2.897e-02,  3.339e+00,  2.731e+00
  0.01,  1.105e-01,  3.133e+00,  2.408e+00
  0.01,  1.921e-01,  2.896e+00,  2.061e+00
  0.01,  2.736e-01,  2.632e+00,  1.690e+00
  0.01,  3.551e-01,  2.332e+00,  1.309e+00
  0.01,  4.367e-01,  2.017e+00,  9.354e-01
  0.01,  5.182e-01,  1.718e+00,  5.929e-01
  0.01,  5.998e-01,  1.491e+00,  2.519e-01
  0.01,  6.813e-01,  1.263e+00, -1.318e-01
  0.01,  7.629e-01,  9.705e-01, -6.147e-01
  0.01,  8.444e-01,  5.208e-01, -1.181e+00
  0.01,  9.260e-01,  2.754e-02, -1.821e+00
  0.01,  1.008e+00, -5.400e-01, -2.550e+00
  0.01,  1.089e+00, -1.685e+00, -1.000e+01
  0.03, -2.907e+00,  7.712e+00,  1.090e+01
  0.03, -2.825e+00,  7.842e+00,  1.086e+01
  0.03, -2.744e+00,  7.971e+00,  1.080e+01
  0.03, -2.662e+00,  8.083e+00,  1.072e+01
  0.03, -2.580e+00,  8.171e+00,  1.062e+01
  0.03, -2.499e+00,  8.228e+00,  1.050e+01
  0.03, -2.417e+00,  8.247e+00,  1.034e+01
  0.03, -2.336e+00,  8.220e+00,  1.016e+01
  0.03, -2.254e+00,  8.145e+00,  9.936e+00
  0.03, -2.173e+00,  8.028e+00,  9.682e+00
  0.03, -2.091e+00,  7.869e+00,  9.399e+00
  0.03, -2.010e+00,  7.677e+00,  9.089e+00
  0.03, -1.928e+00,  7.456e+00,  8.753e+00
  0.03, -1.847e+00,  7.208e+00,  8.390e+00
  0.03, -1.765e+00,  6.931e+00,  7.999e+00
  0.03, -1.683e+00,  6.615e+00,  7.579e+00
  0.03, -1.602e+00,  6.245e+00,  7.161e+00
  0.03, -1.520e+00,  5.878e+00,  6.799e+00
  0.03, -1.439e+00,  5.595e+00,  6.497e+00
  0.03, -1.357e+00,  5.361e+00,  6.230e+00
  0.03, -1.276e+00,  5.156e+00,  5.992e+00
  0.03, -1.194e+00,  4.987e+00,  5.779e+00
  0.03, -1.113e+00,  4.892e+00,  5.568e+00
  0.03, -1.031e+00,  4.775e+00,  5.327e+00
  0.03, -9.496e-01,  4.546e+00,  5.103e+00
  0.03, -8.680e-01,  4.343e+00,  4.924e+00
  0.03, -7.865e-01,  4.207e+00,  4.780e+00
  0.03, -7.049e-01,  4.155e+00,  4.649e+00
  0.03, -6.234e-01,  4.137e+00,  4.510e+00
  0.03, -5.418e-01,  4.107e+00,  4.359e+00
  0.03, -4.603e-01,  4.067e+00,  4.191e+00
  0.03, -3.788e-01,  4.010e+00,  4.004e+00
  0.03, -2.972e-01,  3.933e+00,  3.794e+00
  0.03, -2.157e-01,  3.822e+00,  3.560e+00
  0.03, -1.341e-01,  3.684e+00,  3.305e+00
  0.03, -5.258e-02,  3.521e+00,  3.030e+00
  0.03,  2.897e-02,  3.341e+00,  2.734e+00
  0.03,  1.105e-01,  3.134e+00,  2.412e+00
  0.03,  1.921e-01,  2.902e+00,  2.068e+00
  0.03,  2.736e-01,  2.643e+00,  1.694e+00
  0.03,  3.551e-01,  2.333e+00,  1.309e+00
  0.03,  4.367e-01,  2.012e+00,  9.390e-01
  0.03,  5.182e-01,  1.722e+00,  6.022e-01
  0.03,  5.998e-01,  1.498e+00,  2.645e-01
  0.03,  6.813e-01,  1.272e+00, -1.104e-01
  0.03,  7.629e-01,  9.963e-01, -5.850e-01
  0.03,  8.444e-01,  5.556e-01, -1.150e+00
  0.03,  9.260e-01,  6.037e-02, -1.807e+00
  0.03,  1.008e+00, -5.492e-01, -2.559e+00
  0.03,  1.089e+00, -1.689e+00, -1.000e+01
  0.05, -2.907e+00,  7.690e+00,  1.089e+01
  0.05, -2.825e+00,  7.820e+00,  1.084e+01
  0.05, -2.744e+00,  7.949e+00,  1.079e+01
  0.05, -2.662e+00,  8.064e+00,  1.071e+01
  0.05, -2.580e+00,  8.155e+00,  1.062e+01
  0.05, -2.499e+00,  8.215e+00,  1.050e+01
  0.05, -2.417e+00,  8.239e+00,  1.034e+01
  0.05, -2.336e+00,  8.217e+00,  1.016e+01
  0.05, -2.254e+00,  8.146e+00,  9.942e+00
  0.05, -2.173e+00,  8.033e+00,  9.692e+00
  0.05, -2.091e+00,  7.878e+00,  9.411e+00
  0.05, -2.010e+00,  7.688e+00,  9.103e+00
  0.05, -1.928e+00,  7.470e+00,  8.770e+00
  0.05, -1.847e+00,  7.224e+00,  8.410e+00
  0.05, -1.765e+00,  6.951e+00,  8.021e+00
  0.05, -1.683e+00,  6.639e+00,  7.604e+00
  0.05, -1.602e+00,  6.275e+00,  7.182e+00
  0.05, -1.520e+00,  5.900e+00,  6.814e+00
  0.05, -1.439e+00,  5.611e+00,  6.506e+00
  0.05, -1.357e+00,  5.372e+00,  6.237e+00
  0.05, -1.276e+00,  5.166e+00,  5.996e+00
  0.05, -1.194e+00,  4.991e+00,  5.779e+00
  0.05, -1.113e+00,  4.889e+00,  5.569e+00
  0.05, -1.031e+00,  4.780e+00,  5.329e+00
  0.05, -9.496e-01,  4.554e+00,  5.101e+00
  0.05, -8.680e-01,  4.341e+00,  4.918e+00
  0.05, -7.865e-01,  4.201e+00,  4.775e+00
  0.05, -7.049e-01,  4.154e+00,  4.642e+00
  0.05, -6.234e-01,  4.123e+00,  4.504e+00
  0.05, -5.418e-01,  4.100e+00,  4.355e+00
  0.05, -4.603e-01,  4.062e+00,  4.187e+00
  0.05, -3.788e-01,  4.005e+00,  4.002e+00
  0.05, -2.972e-01,  3.930e+00,  3.792e+00
  0.05, -2.157e-01,  3.820e+00,  3.560e+00
  0.05, -1.341e-01,  3.682e+00,  3.305e+00
  0.05, -5.258e-02,  3.520e+00,  3.032e+00
  0.05,  2.897e-02,  3.343e+00,  2.737e+00
  0.05,  1.105e-01,  3.136e+00,  2.416e+00
  0.05,  1.921e-01,  2.903e+00,  2.073e+00
  0.05,  2.736e-01,  2.649e+00,  1.702e+00
  0.05,  3.551e-01,  2.341e+00,  1.316e+00
  0.05,  4.367e-01,  2.018e+00,  9.462e-01
  0.05,  5.182e-01,  1.728e+00,  6.090e-01
  0.05,  5.998e-01,  1.500e+00,  2.764e-01
  0.05,  6.813e-01,  1.284e+00, -9.189e-02
  0.05,  7.629e-01,  1.013e+00, -5.557e-01
  0.05,  8.444e-01,  5.944e-01, -1.109e+00
  0.05,  9.260e-01,  1.089e-01, -1.783e+00
  0.05,  1.008e+00, -5.560e-01, -2.566e+00
  0.05,  1.089e+00, -1.695e+00, -1.000e+01
  0.10, -2.907e+00,  7.638e+00,  1.086e+01
  0.10, -2.825e+00,  7.767e+00,  1.082e+01
  0.10, -2.744e+00,  7.898e+00,  1.076e+01
  0.10, -2.662e+00,  8.017e+00,  1.069e+01
  0.10, -2.580e+00,  8.115e+00,  1.060e+01
  0.10, -2.499e+00,  8.183e+00,  1.049e+01
  0.10, -2.417e+00,  8.216e+00,  1.034e+01
  0.10, -2.336e+00,  8.206e+00,  1.017e+01
  0.10, -2.254e+00,  8.147e+00,  9.956e+00
  0.10, -2.173e+00,  8.043e+00,  9.713e+00
  0.10, -2.091e+00,  7.897e+00,  9.439e+00
  0.10, -2.010e+00,  7.714e+00,  9.137e+00
  0.10, -1.928e+00,  7.501e+00,  8.810e+00
  0.10, -1.847e+00,  7.263e+00,  8.456e+00
  0.10, -1.765e+00,  6.996e+00,  8.075e+00
  0.10, -1.683e+00,  6.695e+00,  7.664e+00
  0.10, -1.602e+00,  6.345e+00,  7.238e+00
  0.10, -1.520e+00,  5.961e+00,  6.852e+00
  0.10, -1.439e+00,  5.650e+00,  6.531e+00
  0.10, -1.357e+00,  5.399e+00,  6.253e+00
  0.10, -1.276e+00,  5.188e+00,  6.008e+00
  0.10, -1.194e+00,  5.004e+00,  5.784e+00
  0.10, -1.113e+00,  4.885e+00,  5.578e+00
  0.10, -1.031e+00,  4.792e+00,  5.340e+00
  0.10, -9.496e-01,  4.579e+00,  5.109e+00
  0.10, -8.680e-01,  4.380e+00,  4.911e+00
  0.10, -7.865e-01,  4.194e+00,  4.757e+00
  0.10, -7.049e-01,  4.127e+00,  4.625e+00
  0.10, -6.234e-01,  4.104e+00,  4.490e+00
  0.10, -5.418e-01,  4.080e+00,  4.342e+00
  0.10, -4.603e-01,  4.044e+00,  4.178e+00
  0.10, -3.788e-01,  3.992e+00,  3.995e+00
  0.10, -2.972e-01,  3.920e+00,  3.788e+00
  0.10, -2.157e-01,  3.814e+00,  3.557e+00
  0.10, -1.341e-01,  3.679e+00,  3.305e+00
  0.10, -5.258e-02,  3.519e+00,  3.033e+00
  0.10,  2.897e-02,  3.342e+00,  2.740e+00
  0.10,  1.105e-01,  3.139e+00,  2.423e+00
  0.10,  1.921e-01,  2.911e+00,  2.082e+00
  0.10,  2.736e-01,  2.657e+00,  1.714e+00
  0.10,  3.551e-01,  2.355e+00,  1.328e+00
  0.10,  4.367e-01,  2.025e+00,  9.608e-01
  0.10,  5.182e-01,  1.738e+00,  6.331e-01
  0.10,  5.998e-01,  1.523e+00,  3.091e-01
  0.10,  6.813e-01,  1.311e+00, -4.785e-02
  0.10,  7.629e-01,  1.061e+00, -4.915e-01
  0.10,  8.444e-01,  6.758e-01, -1.050e+00
  0.10,  9.260e-01,  1.508e-01, -1.749e+00
  0.10,  1.008e+00, -5.328e-01, -2.544e+00
  0.10,  1.089e+00, -1.710e+00, -1.000e+01
  0.20, -2.907e+00,  7.539e+00,  1.080e+01
  0.20, -2.825e+00,  7.669e+00,  1.076e+01
  0.20, -2.744e+00,  7.799e+00,  1.071e+01
  0.20, -2.662e+00,  7.926e+00,  1.065e+01
  0.20, -2.580e+00,  8.034e+00,  1.057e+01
  0.20, -2.499e+00,  8.117e+00,  1.046e+01
  0.20, -2.417e+00,  8.167e+00,  1.034e+01
  0.20, -2.336e+00,  8.178e+00,  1.017e+01
  0.20, -2.254e+00,  8.140e+00,  9.978e+00
  0.20, -2.173e+00,  8.056e+00,  9.749e+00
  0.20, -2.091e+00,  7.927e+00,  9.487e+00
  0.20, -2.010e+00,  7.758e+00,  9.196e+00
  0.20, -1.928e+00,  7.557e+00,  8.880e+00
  0.20, -1.847e+00,  7.330e+00,  8.539e+00
  0.20, -1.765e+00,  7.076e+00,  8.171e+00
  0.20, -1.683e+00,  6.793e+00,  7.774e+00
  0.20, -1.602e+00,  6.468e+00,  7.349e+00
  0.20, -1.520e+00,  6.089e+00,  6.937e+00
  0.20, -1.439e+00,  5.734e+00,  6.587e+00
  0.20, -1.357e+00,  5.462e+00,  6.292e+00
  0.20, -1.276e+00,  5.235e+00,  6.031e+00
  0.20, -1.194e+00,  5.032e+00,  5.799e+00
  0.20, -1.113e+00,  4.881e+00,  5.588e+00
  0.20, -1.031e+00,  4.795e+00,  5.371e+00
  0.20, -9.496e-01,  4.662e+00,  5.122e+00
  0.20, -8.680e-01,  4.405e+00,  4.898e+00
  0.20, -7.865e-01,  4.195e+00,  4.731e+00
  0.20, -7.049e-01,  4.096e+00,  4.595e+00
  0.20, -6.234e-01,  4.067e+00,  4.461e+00
  0.20, -5.418e-01,  4.044e+00,  4.316e+00
  0.20, -4.603e-01,  4.010e+00,  4.156e+00
  0.20, -3.788e-01,  3.964e+00,  3.979e+00
  0.20, -2.972e-01,  3.900e+00,  3.777e+00
  0.20, -2.157e-01,  3.801e+00,  3.550e+00
  0.20, -1.341e-01,  3.668e+00,  3.300e+00
  0.20, -5.258e-02,  3.511e+00,  3.033e+00
  0.20,  2.897e-02,  3.339e+00,  2.743e+00
  0.20,  1.105e-01,  3.137e+00,  2.432e+00
  0.20,  1.921e-01,  2.920e+00,  2.098e+00
  0.20,  2.736e-01,  2.672e+00,  1.735e+00
  0.20,  3.551e-01,  2.377e+00,  1.353e+00
  0.20,  4.367e-01,  2.051e+00,  9.871e-01
  0.20,  5.182e-01,  1.754e+00,  6.635e-01
  0.20,  5.998e-01,  1.540e+00,  3.582e-01
  0.20,  6.813e-01,  1.352e+00,  2.358e-02
  0.20,  7.629e-01,  1.129e+00, -3.798e-01
  0.20,  8.444e-01,  8.125e-01, -9.099e-01
  0.20,  9.260e-01,  2.962e-01, -1.613e+00
  0.20,  1.008e+00, -4.078e-01, -2.426e+00
  0.20,  1.089e+00, -1.729e+00, -1.000e+01
  0.30, -2.907e+00,  7.448e+00,  1.074e+01
  0.30, -2.825e+00,  7.578e+00,  1.071e+01
  0.30, -2.744e+00,  7.708e+00,  1.066e+01
  0.30, -2.662e+00,  7.838e+00,  1.061e+01
  0.30, -2.580e+00,  7.955e+00,  1.053e+01
  0.30, -2.499e+00,  8.050e+00,  1.044e+01
  0.30, -2.417e+00,  8.114e+00,  1.032e+01
  0.30, -2.336e+00,  8.142e+00,  1.017e+01
  0.30, -2.254e+00,  8.126e+00,  9.992e+00
  0.30, -2.173e+00,  8.060e+00,  9.776e+00
  0.30, -2.091e+00,  7.948e+00,  9.527e+00
  0.30, -2.010e+00,  7.794e+00,  9.247e+00
  0.30, -1.928e+00,  7.605e+00,  8.941e+00
  0.30, -1.847e+00,  7.388e+00,  8.611e+00
  0.30, -1.765e+00,  7.146e+00,  8.255e+00
  0.30, -1.683e+00,  6.877e+00,  7.870e+00
  0.30, -1.602e+00,  6.571e+00,  7.455e+00
  0.30, -1.520e+00,  6.213e+00,  7.029e+00
  0.30, -1.439e+00,  5.830e+00,  6.650e+00
  0.30, -1.357e+00,  5.529e+00,  6.334e+00
  0.30, -1.276e+00,  5.283e+00,  6.059e+00
  0.30, -1.194e+00,  5.067e+00,  5.817e+00
  0.30, -1.113e+00,  4.899e+00,  5.600e+00
  0.30, -1.031e+00,  4.787e+00,  5.388e+00
  0.30, -9.496e-01,  4.691e+00,  5.151e+00
  0.30, -8.680e-01,  4.488e+00,  4.900e+00
  0.30, -7.865e-01,  4.209e+00,  4.709e+00
  0.30, -7.049e-01,  4.078e+00,  4.565e+00
  0.30, -6.234e-01,  4.028e+00,  4.431e+00
  0.30, -5.418e-01,  4.010e+00,  4.289e+00
  0.30, -4.603e-01,  3.978e+00,  4.132e+00
  0.30, -3.788e-01,  3.932e+00,  3.958e+00
  0.30, -2.972e-01,  3.876e+00,  3.761e+00
  0.30, -2.157e-01,  3.784e+00,  3.538e+00
  0.30, -1.341e-01,  3.653e+00,  3.291e+00
  0.30, -5.258e-02,  3.500e+00,  3.028e+00
  0.30,  2.897e-02,  3.332e+00,  2.743e+00
  0.30,  1.105e-01,  3.136e+00,  2.437e+00
  0.30,  1.921e-01,  2.921e+00,  2.109e+00
  0.30,  2.736e-01,  2.685e+00,  1.754e+00
  0.30,  3.551e-01,  2.401e+00,  1.371e+00
  0.30,  4.367e-01,  2.061e+00,  1.007e+00
  0.30,  5.182e-01,  1.772e+00,  6.873e-01
  0.30,  5.998e-01,  1.550e+00,  3.926e-01
  0.30,  6.813e-01,  1.372e+00,  8.195e-02
  0.30,  7.629e-01,  1.180e+00, -2.841e-01
  0.30,  8.444e-01,  9.179e-01, -7.645e-01
  0.30,  9.260e-01,  4.715e-01, -1.423e+00
  0.30,  1.008e+00, -1.960e-01, -2.221e+00
  0.30,  1.089e+00, -1.754e+00, -1.000e+01
  0.40, -2.907e+00,  7.364e+00,  1.069e+01
  0.40, -2.825e+00,  7.493e+00,  1.066e+01
  0.40, -2.744e+00,  7.623e+00,  1.061e+01
  0.40, -2.662e+00,  7.753e+00,  1.056e+01
  0.40, -2.580e+00,  7.877e+00,  1.050e+01
  0.40, -2.499e+00,  7.982e+00,  1.041e+01
  0.40, -2.417e+00,  8.059e+00,  1.030e+01
  0.40, -2.336e+00,  8.102e+00,  1.017e+01
  0.40, -2.254e+00,  8.104e+00,  9.999e+00
  0.40, -2.173e+00,  8.055e+00,  9.795e+00
  0.40, -2.091e+00,  7.959e+00,  9.557e+00
  0.40, -2.010e+00,  7.820e+00,  9.288e+00
  0.40, -1.928e+00,  7.642e+00,  8.992e+00
  0.40, -1.847e+00,  7.435e+00,  8.671e+00
  0.40, -1.765e+00,  7.203e+00,  8.325e+00
  0.40, -1.683e+00,  6.945e+00,  7.952e+00
  0.40, -1.602e+00,  6.657e+00,  7.549e+00
  0.40, -1.520e+00,  6.322e+00,  7.120e+00
  0.40, -1.439e+00,  5.935e+00,  6.713e+00
  0.40, -1.357e+00,  5.591e+00,  6.373e+00
  0.40, -1.276e+00,  5.328e+00,  6.085e+00
  0.40, -1.194e+00,  5.102e+00,  5.830e+00
  0.40, -1.113e+00,  4.911e+00,  5.605e+00
  0.40, -1.031e+00,  4.780e+00,  5.392e+00
  0.40, -9.496e-01,  4.690e+00,  5.168e+00
  0.40, -8.680e-01,  4.540e+00,  4.908e+00
  0.40, -7.865e-01,  4.247e+00,  4.692e+00
  0.40, -7.049e-01,  4.068e+00,  4.533e+00
  0.40, -6.234e-01,  3.989e+00,  4.398e+00
  0.40, -5.418e-01,  3.973e+00,  4.258e+00
  0.40, -4.603e-01,  3.940e+00,  4.104e+00
  0.40, -3.788e-01,  3.898e+00,  3.935e+00
  0.40, -2.972e-01,  3.849e+00,  3.741e+00
  0.40, -2.157e-01,  3.761e+00,  3.521e+00
  0.40, -1.341e-01,  3.635e+00,  3.277e+00
  0.40, -5.258e-02,  3.483e+00,  3.016e+00
  0.40,  2.897e-02,  3.318e+00,  2.735e+00
  0.40,  1.105e-01,  3.125e+00,  2.433e+00
  0.40,  1.921e-01,  2.916e+00,  2.112e+00
  0.40,  2.736e-01,  2.686e+00,  1.763e+00
  0.40,  3.551e-01,  2.410e+00,  1.388e+00
  0.40,  4.367e-01,  2.082e+00,  1.024e+00
  0.40,  5.182e-01,  1.784e+00,  7.078e-01
  0.40,  5.998e-01,  1.565e+00,  4.191e-01
  0.40,  6.813e-01,  1.389e+00,  1.208e-01
  0.40,  7.629e-01,  1.212e+00, -2.259e-01
  0.40,  8.444e-01,  9.758e-01, -6.717e-01
  0.40,  9.260e-01,  5.843e-01, -1.291e+00
  0.40,  1.008e+00, -3.839e-02, -2.063e+00
  0.40,  1.089e+00, -1.588e+00, -1.000e+01
  0.50, -2.907e+00,  7.283e+00,  1.064e+01
  0.50, -2.825e+00,  7.412e+00,  1.060e+01
  0.50, -2.744e+00,  7.542e+00,  1.057e+01
  0.50, -2.662e+00,  7.672e+00,  1.052e+01
  0.50, -2.580e+00,  7.801e+00,  1.046e+01
  0.50, -2.499e+00,  7.913e+00,  1.038e+01
  0.50, -2.417e+00,  8.001e+00,  1.028e+01
  0.50, -2.336e+00,  8.057e+00,  1.015e+01
  0.50, -2.254e+00,  8.073e+00,  9.996e+00
  0.50, -2.173e+00,  8.042e+00,  9.803e+00
  0.50, -2.091e+00,  7.959e+00,  9.576e+00
  0.50, -2.010e+00,  7.834e+00,  9.317e+00
  0.50, -1.928e+00,  7.667e+00,  9.029e+00
  0.50, -1.847e+00,  7.470e+00,  8.717e+00
  0.50, -1.765e+00,  7.247e+00,  8.381e+00
  0.50, -1.683e+00,  7.000e+00,  8.019e+00
  0.50, -1.602e+00,  6.724e+00,  7.627e+00
  0.50, -1.520e+00,  6.408e+00,  7.202e+00
  0.50, -1.439e+00,  6.032e+00,  6.776e+00
  0.50, -1.357e+00,  5.654e+00,  6.411e+00
  0.50, -1.276e+00,  5.370e+00,  6.106e+00
  0.50, -1.194e+00,  5.125e+00,  5.840e+00
  0.50, -1.113e+00,  4.928e+00,  5.610e+00
  0.50, -1.031e+00,  4.777e+00,  5.390e+00
  0.50, -9.496e-01,  4.678e+00,  5.179e+00
  0.50, -8.680e-01,  4.580e+00,  4.913e+00
  0.50, -7.865e-01,  4.277e+00,  4.674e+00
  0.50, -7.049e-01,  4.060e+00,  4.501e+00
  0.50, -6.234e-01,  3.956e+00,  4.361e+00
  0.50, -5.418e-01,  3.930e+00,  4.222e+00
  0.50, -4.603e-01,  3.898e+00,  4.070e+00
  0.50, -3.788e-01,  3.861e+00,  3.903e+00
  0.50, -2.972e-01,  3.814e+00,  3.713e+00
  0.50, -2.157e-01,  3.731e+00,  3.495e+00
  0.50, -1.341e-01,  3.609e+00,  3.253e+00
  0.50, -5.258e-02,  3.457e+00,  2.994e+00
  0.50,  2.897e-02,  3.295e+00,  2.716e+00
  0.50,  1.105e-01,  3.105e+00,  2.417e+00
  0.50,  1.921e-01,  2.895e+00,  2.100e+00
  0.50,  2.736e-01,  2.673e+00,  1.759e+00
  0.50,  3.551e-01,  2.408e+00,  1.391e+00
  0.50,  4.367e-01,  2.089e+00,  1.028e+00
  0.50,  5.182e-01,  1.782e+00,  7.141e-01
  0.50,  5.998e-01,  1.565e+00,  4.298e-01
  0.50,  6.813e-01,  1.390e+00,  1.449e-01
  0.50,  7.629e-01,  1.227e+00, -1.866e-01
  0.50,  8.444e-01,  1.010e+00, -5.934e-01
  0.50,  9.260e-01,  6.881e-01, -1.182e+00
  0.50,  1.008e+00,  7.843e-02, -1.947e+00
  0.50,  1.089e+00, -1.491e+00, -1.000e+01
  0.60, -2.907e+00,  7.206e+00,  1.058e+01
  0.60, -2.825e+00,  7.335e+00,  1.055e+01
  0.60, -2.744e+00,  7.464e+00,  1.052e+01
  0.60, -2.662e+00,  7.594e+00,  1.047e+01
  0.60, -2.580e+00,  7.725e+00,  1.042e+01
  0.60, -2.499e+00,  7.844e+00,  1.034e+01
  0.60, -2.417e+00,  7.941e+00,  1.025e+01
  0.60, -2.336e+00,  8.008e+00,  1.013e+01
  0.60, -2.254e+00,  8.037e+00,  9.985e+00
  0.60, -2.173e+00,  8.021e+00,  9.802e+00
  0.60, -2.091e+00,  7.950e+00,  9.584e+00
  0.60, -2.010e+00,  7.836e+00,  9.335e+00
  0.60, -1.928e+00,  7.682e+00,  9.057e+00
  0.60, -1.847e+00,  7.494e+00,  8.753e+00
  0.60, -1.765e+00,  7.280e+00,  8.427e+00
  0.60, -1.683e+00,  7.043e+00,  8.074e+00
  0.60, -1.602e+00,  6.779e+00,  7.692e+00
  0.60, -1.520e+00,  6.479e+00,  7.276e+00
  0.60, -1.439e+00,  6.121e+00,  6.839e+00
  0.60, -1.357e+00,  5.724e+00,  6.444e+00
  0.60, -1.276e+00,  5.404e+00,  6.118e+00
  0.60, -1.194e+00,  5.139e+00,  5.841e+00
  0.60, -1.113e+00,  4.940e+00,  5.604e+00
  0.60, -1.031e+00,  4.769e+00,  5.374e+00
  0.60, -9.496e-01,  4.648e+00,  5.172e+00
  0.60, -8.680e-01,  4.588e+00,  4.905e+00
  0.60, -7.865e-01,  4.287e+00,  4.653e+00
  0.60, -7.049e-01,  4.055e+00,  4.467e+00
  0.60, -6.234e-01,  3.919e+00,  4.321e+00
  0.60, -5.418e-01,  3.884e+00,  4.184e+00
  0.60, -4.603e-01,  3.862e+00,  4.033e+00
  0.60, -3.788e-01,  3.819e+00,  3.867e+00
  0.60, -2.972e-01,  3.777e+00,  3.679e+00
  0.60, -2.157e-01,  3.696e+00,  3.463e+00
  0.60, -1.341e-01,  3.575e+00,  3.222e+00
  0.60, -5.258e-02,  3.425e+00,  2.965e+00
  0.60,  2.897e-02,  3.264e+00,  2.688e+00
  0.60,  1.105e-01,  3.073e+00,  2.392e+00
  0.60,  1.921e-01,  2.869e+00,  2.081e+00
  0.60,  2.736e-01,  2.651e+00,  1.743e+00
  0.60,  3.551e-01,  2.391e+00,  1.382e+00
  0.60,  4.367e-01,  2.083e+00,  1.021e+00
  0.60,  5.182e-01,  1.769e+00,  7.099e-01
  0.60,  5.998e-01,  1.558e+00,  4.299e-01
  0.60,  6.813e-01,  1.381e+00,  1.545e-01
  0.60,  7.629e-01,  1.230e+00, -1.637e-01
  0.60,  8.444e-01,  1.029e+00, -5.464e-01
  0.60,  9.260e-01,  7.456e-01, -1.108e+00
  0.60,  1.008e+00,  1.714e-01, -1.855e+00
  0.60,  1.089e+00, -1.434e+00, -1.000e+01
  0.80, -2.907e+00,  7.054e+00,  1.047e+01
  0.80, -2.825e+00,  7.183e+00,  1.044e+01
  0.80, -2.744e+00,  7.312e+00,  1.041e+01
  0.80, -2.662e+00,  7.442e+00,  1.037e+01
  0.80, -2.580e+00,  7.573e+00,  1.032e+01
  0.80, -2.499e+00,  7.702e+00,  1.026e+01
  0.80, -2.417e+00,  7.813e+00,  1.018e+01
  0.80, -2.336e+00,  7.898e+00,  1.007e+01
  0.80, -2.254e+00,  7.948e+00,  9.939e+00
  0.80, -2.173e+00,  7.955e+00,  9.771e+00
  0.80, -2.091e+00,  7.905e+00,  9.569e+00
  0.80, -2.010e+00,  7.809e+00,  9.337e+00
  0.80, -1.928e+00,  7.676e+00,  9.075e+00
  0.80, -1.847e+00,  7.505e+00,  8.787e+00
  0.80, -1.765e+00,  7.308e+00,  8.476e+00
  0.80, -1.683e+00,  7.088e+00,  8.141e+00
  0.80, -1.602e+00,  6.844e+00,  7.777e+00
  0.80, -1.520e+00,  6.568e+00,  7.378e+00
  0.80, -1.439e+00,  6.243e+00,  6.938e+00
  0.80, -1.357e+00,  5.845e+00,  6.500e+00
  0.80, -1.276e+00,  5.458e+00,  6.124e+00
  0.80, -1.194e+00,  5.142e+00,  5.826e+00
  0.80, -1.113e+00,  4.940e+00,  5.579e+00
  0.80, -1.031e+00,  4.753e+00,  5.330e+00
  0.80, -9.496e-01,  4.585e+00,  5.131e+00
  0.80, -8.680e-01,  4.561e+00,  4.866e+00
  0.80, -7.865e-01,  4.273e+00,  4.597e+00
  0.80, -7.049e-01,  4.019e+00,  4.392e+00
  0.80, -6.234e-01,  3.845e+00,  4.238e+00
  0.80, -5.418e-01,  3.798e+00,  4.100e+00
  0.80, -4.603e-01,  3.770e+00,  3.951e+00
  0.80, -3.788e-01,  3.731e+00,  3.790e+00
  0.80, -2.972e-01,  3.696e+00,  3.605e+00
  0.80, -2.157e-01,  3.621e+00,  3.392e+00
  0.80, -1.341e-01,  3.503e+00,  3.154e+00
  0.80, -5.258e-02,  3.355e+00,  2.898e+00
  0.80,  2.897e-02,  3.196e+00,  2.624e+00
  0.80,  1.105e-01,  3.008e+00,  2.332e+00
  0.80,  1.921e-01,  2.807e+00,  2.024e+00
  0.80,  2.736e-01,  2.593e+00,  1.691e+00
  0.80,  3.551e-01,  2.337e+00,  1.335e+00
  0.80,  4.367e-01,  2.035e+00,  9.767e-01
  0.80,  5.182e-01,  1.720e+00,  6.714e-01
  0.80,  5.998e-01,  1.515e+00,  3.977e-01
  0.80,  6.813e-01,  1.338e+00,  1.312e-01
  0.80,  7.629e-01,  1.196e+00, -1.689e-01
  0.80,  8.444e-01,  1.017e+00, -5.274e-01
  0.80,  9.260e-01,  7.654e-01, -1.036e+00
  0.80,  1.008e+00,  2.964e-01, -1.732e+00
  0.80,  1.089e+00, -1.419e+00, -1.000e+01
  1.00, -2.907e+00,  6.901e+00,  1.035e+01
  1.00, -2.825e+00,  7.030e+00,  1.032e+01
  1.00, -2.744e+00,  7.159e+00,  1.029e+01
  1.00, -2.662e+00,  7.289e+00,  1.025e+01
  1.00, -2.580e+00,  7.420e+00,  1.021e+01
  1.00, -2.499e+00,  7.551e+00,  1.015e+01
  1.00, -2.417e+00,  7.674e+00,  1.007e+01
  1.00, -2.336e+00,  7.772e+00,  9.977e+00
  1.00, -2.254e+00,  7.837e+00,  9.852e+00
  1.00, -2.173e+00,  7.858e+00,  9.692e+00
  1.00, -2.091e+00,  7.820e+00,  9.498e+00
  1.00, -2.010e+00,  7.732e+00,  9.272e+00
  1.00, -1.928e+00,  7.608e+00,  9.016e+00
  1.00, -1.847e+00,  7.444e+00,  8.733e+00
  1.00, -1.765e+00,  7.252e+00,  8.428e+00
  1.00, -1.683e+00,  7.039e+00,  8.098e+00
  1.00, -1.602e+00,  6.801e+00,  7.740e+00
  1.00, -1.520e+00,  6.532e+00,  7.344e+00
  1.00, -1.439e+00,  6.213e+00,  6.904e+00
  1.00, -1.357e+00,  5.817e+00,  6.454e+00
  1.00, -1.276e+00,  5.414e+00,  6.062e+00
  1.00, -1.194e+00,  5.077e+00,  5.755e+00
  1.00, -1.113e+00,  4.871e+00,  5.505e+00
  1.00, -1.031e+00,  4.676e+00,  5.253e+00
  1.00, -9.496e-01,  4.497e+00,  5.059e+00
  1.00, -8.680e-01,  4.491e+00,  4.798e+00
  1.00, -7.865e-01,  4.223e+00,  4.523e+00
  1.00, -7.049e-01,  3.961e+00,  4.301e+00
  1.00, -6.234e-01,  3.747e+00,  4.143e+00
  1.00, -5.418e-01,  3.694e+00,  4.007e+00
  1.00, -4.603e-01,  3.666e+00,  3.862e+00
  1.00, -3.788e-01,  3.633e+00,  3.706e+00
  1.00, -2.972e-01,  3.607e+00,  3.526e+00
  1.00, -2.157e-01,  3.540e+00,  3.317e+00
  1.00, -1.341e-01,  3.426e+00,  3.081e+00
  1.00, -5.258e-02,  3.281e+00,  2.828e+00
  1.00,  2.897e-02,  3.125e+00,  2.556e+00
  1.00,  1.105e-01,  2.940e+00,  2.265e+00
  1.00,  1.921e-01,  2.740e+00,  1.958e+00
  1.00,  2.736e-01,  2.529e+00,  1.625e+00
  1.00,  3.551e-01,  2.276e+00,  1.267e+00
  1.00,  4.367e-01,  1.969e+00,  9.009e-01
  1.00,  5.182e-01,  1.642e+00,  5.896e-01
  1.00,  5.998e-01,  1.428e+00,  3.165e-01
  1.00,  6.813e-01,  1.252e+00,  5.481e-02
  1.00,  7.629e-01,  1.115e+00, -2.375e-01
  1.00,  8.444e-01,  9.438e-01, -5.857e-01
  1.00,  9.260e-01,  7.062e-01, -1.068e+00
  1.00,  1.008e+00,  2.862e-01, -1.743e+00
  1.00,  1.089e+00, -1.501e+00, -1.000e+01
  1.25, -2.907e+00,  6.715e+00,  1.018e+01
  1.25, -2.825e+00,  6.843e+00,  1.016e+01
  1.25, -2.744e+00,  6.973e+00,  1.013e+01
  1.25, -2.662e+00,  7.103e+00,  1.010e+01
  1.25, -2.580e+00,  7.233e+00,  1.006e+01
  1.25, -2.499e+00,  7.364e+00,  1.000e+01
  1.25, -2.417e+00,  7.495e+00,  9.935e+00
  1.25, -2.336e+00,  7.608e+00,  9.846e+00
  1.25, -2.254e+00,  7.688e+00,  9.729e+00
  1.25, -2.173e+00,  7.725e+00,  9.577e+00
  1.25, -2.091e+00,  7.698e+00,  9.388e+00
  1.25, -2.010e+00,  7.619e+00,  9.168e+00
  1.25, -1.928e+00,  7.502e+00,  8.917e+00
  1.25, -1.847e+00,  7.343e+00,  8.638e+00
  1.25, -1.765e+00,  7.155e+00,  8.337e+00
  1.25, -1.683e+00,  6.947e+00,  8.012e+00
  1.25, -1.602e+00,  6.714e+00,  7.657e+00
  1.25, -1.520e+00,  6.451e+00,  7.264e+00
  1.25, -1.439e+00,  6.137e+00,  6.822e+00
  1.25, -1.357e+00,  5.738e+00,  6.365e+00
  1.25, -1.276e+00,  5.326e+00,  5.962e+00
  1.25, -1.194e+00,  4.977e+00,  5.647e+00
  1.25, -1.113e+00,  4.767e+00,  5.393e+00
  1.25, -1.031e+00,  4.562e+00,  5.136e+00
  1.25, -9.496e-01,  4.371e+00,  4.948e+00
  1.25, -8.680e-01,  4.388e+00,  4.688e+00
  1.25, -7.865e-01,  4.120e+00,  4.407e+00
  1.25, -7.049e-01,  3.851e+00,  4.176e+00
  1.25, -6.234e-01,  3.616e+00,  4.015e+00
  1.25, -5.418e-01,  3.557e+00,  3.883e+00
  1.25, -4.603e-01,  3.531e+00,  3.742e+00
  1.25, -3.788e-01,  3.501e+00,  3.593e+00
  1.25, -2.972e-01,  3.489e+00,  3.419e+00
  1.25, -2.157e-01,  3.430e+00,  3.213e+00
  1.25, -1.341e-01,  3.321e+00,  2.980e+00
  1.25, -5.258e-02,  3.178e+00,  2.730e+00
  1.25,  2.897e-02,  3.027e+00,  2.460e+00
  1.25,  1.105e-01,  2.842e+00,  2.170e+00
  1.25,  1.921e-01,  2.645e+00,  1.865e+00
  1.25,  2.736e-01,  2.439e+00,  1.530e+00
  1.25,  3.551e-01,  2.182e+00,  1.169e+00
  1.25,  4.367e-01,  1.879e+00,  7.929e-01
  1.25,  5.182e-01,  1.532e+00,  4.719e-01
  1.25,  5.998e-01,  1.307e+00,  1.961e-01
  1.25,  6.813e-01,  1.124e+00, -6.126e-02
  1.25,  7.629e-01,  9.950e-01, -3.460e-01
  1.25,  8.444e-01,  8.351e-01, -6.855e-01
  1.25,  9.260e-01,  6.099e-01, -1.163e+00
  1.25,  1.008e+00,  1.925e-01, -1.837e+00
  1.25,  1.089e+00, -1.652e+00, -1.000e+01
  1.50, -2.907e+00,  6.532e+00,  1.002e+01
  1.50, -2.825e+00,  6.661e+00,  1.000e+01
  1.50, -2.744e+00,  6.790e+00,  9.973e+00
  1.50, -2.662e+00,  6.920e+00,  9.941e+00
  1.50, -2.580e+00,  7.050e+00,  9.901e+00
  1.50, -2.499e+00,  7.182e+00,  9.852e+00
  1.50, -2.417e+00,  7.314e+00,  9.790e+00
  1.50, -2.336e+00,  7.438e+00,  9.707e+00
  1.50, -2.254e+00,  7.533e+00,  9.597e+00
  1.50, -2.173e+00,  7.584e+00,  9.452e+00
  1.50, -2.091e+00,  7.567e+00,  9.269e+00
  1.50, -2.010e+00,  7.496e+00,  9.054e+00
  1.50, -1.928e+00,  7.386e+00,  8.807e+00
  1.50, -1.847e+00,  7.232e+00,  8.532e+00
  1.50, -1.765e+00,  7.048e+00,  8.235e+00
  1.50, -1.683e+00,  6.843e+00,  7.914e+00
  1.50, -1.602e+00,  6.616e+00,  7.563e+00
  1.50, -1.520e+00,  6.358e+00,  7.173e+00
  1.50, -1.439e+00,  6.048e+00,  6.730e+00
  1.50, -1.357e+00,  5.648e+00,  6.265e+00
  1.50, -1.276e+00,  5.227e+00,  5.853e+00
  1.50, -1.194e+00,  4.871e+00,  5.529e+00
  1.50, -1.113e+00,  4.648e+00,  5.272e+00
  1.50, -1.031e+00,  4.438e+00,  5.011e+00
  1.50, -9.496e-01,  4.231e+00,  4.831e+00
  1.50, -8.680e-01,  4.278e+00,  4.574e+00
  1.50, -7.865e-01,  4.014e+00,  4.287e+00
  1.50, -7.049e-01,  3.740e+00,  4.047e+00
  1.50, -6.234e-01,  3.482e+00,  3.882e+00
  1.50, -5.418e-01,  3.417e+00,  3.751e+00
  1.50, -4.603e-01,  3.390e+00,  3.614e+00
  1.50, -3.788e-01,  3.362e+00,  3.470e+00
  1.50, -2.972e-01,  3.360e+00,  3.302e+00
  1.50, -2.157e-01,  3.311e+00,  3.101e+00
  1.50, -1.341e-01,  3.207e+00,  2.870e+00
  1.50, -5.258e-02,  3.067e+00,  2.622e+00
  1.50,  2.897e-02,  2.918e+00,  2.353e+00
  1.50,  1.105e-01,  2.735e+00,  2.065e+00
  1.50,  1.921e-01,  2.540e+00,  1.761e+00
  1.50,  2.736e-01,  2.335e+00,  1.427e+00
  1.50,  3.551e-01,  2.085e+00,  1.061e+00
  1.50,  4.367e-01,  1.774e+00,  6.751e-01
  1.50,  5.182e-01,  1.413e+00,  3.464e-01
  1.50,  5.998e-01,  1.180e+00,  6.747e-02
  1.50,  6.813e-01,  9.896e-01, -1.874e-01
  1.50,  7.629e-01,  8.649e-01, -4.662e-01
  1.50,  8.444e-01,  7.138e-01, -7.978e-01
  1.50,  9.260e-01,  5.000e-01, -1.269e+00
  1.50,  1.008e+00,  9.072e-02, -1.940e+00
  1.50,  1.089e+00, -1.816e+00, -1.000e+01
  2.00, -2.907e+00,  6.168e+00,  9.692e+00
  2.00, -2.825e+00,  6.296e+00,  9.671e+00
  2.00, -2.744e+00,  6.425e+00,  9.646e+00
  2.00, -2.662e+00,  6.555e+00,  9.616e+00
  2.00, -2.580e+00,  6.686e+00,  9.580e+00
  2.00, -2.499e+00,  6.817e+00,  9.536e+00
  2.00, -2.417e+00,  6.949e+00,  9.481e+00
  2.00, -2.336e+00,  7.082e+00,  9.409e+00
  2.00, -2.254e+00,  7.203e+00,  9.311e+00
  2.00, -2.173e+00,  7.279e+00,  9.177e+00
  2.00, -2.091e+00,  7.281e+00,  9.004e+00
  2.00, -2.010e+00,  7.224e+00,  8.799e+00
  2.00, -1.928e+00,  7.127e+00,  8.560e+00
  2.00, -1.847e+00,  6.982e+00,  8.291e+00
  2.00, -1.765e+00,  6.804e+00,  8.000e+00
  2.00, -1.683e+00,  6.605e+00,  7.685e+00
  2.00, -1.602e+00,  6.386e+00,  7.342e+00
  2.00, -1.520e+00,  6.140e+00,  6.959e+00
  2.00, -1.439e+00,  5.840e+00,  6.517e+00
  2.00, -1.357e+00,  5.440e+00,  6.040e+00
  2.00, -1.276e+00,  5.000e+00,  5.611e+00
  2.00, -1.194e+00,  4.632e+00,  5.278e+00
  2.00, -1.113e+00,  4.413e+00,  5.006e+00
  2.00, -1.031e+00,  4.158e+00,  4.732e+00
  2.00, -9.496e-01,  3.919e+00,  4.569e+00
  2.00, -8.680e-01,  4.026e+00,  4.320e+00
  2.00, -7.865e-01,  3.776e+00,  4.025e+00
  2.00, -7.049e-01,  3.492e+00,  3.769e+00
  2.00, -6.234e-01,  3.197e+00,  3.597e+00
  2.00, -5.418e-01,  3.126e+00,  3.468e+00
  2.00, -4.603e-01,  3.090e+00,  3.334e+00
  2.00, -3.788e-01,  3.058e+00,  3.200e+00
  2.00, -2.972e-01,  3.079e+00,  3.042e+00
  2.00, -2.157e-01,  3.047e+00,  2.848e+00
  2.00, -1.341e-01,  2.952e+00,  2.621e+00
  2.00, -5.258e-02,  2.816e+00,  2.378e+00
  2.00,  2.897e-02,  2.674e+00,  2.112e+00
  2.00,  1.105e-01,  2.492e+00,  1.825e+00
  2.00,  1.921e-01,  2.297e+00,  1.525e+00
  2.00,  2.736e-01,  2.103e+00,  1.193e+00
  2.00,  3.551e-01,  1.857e+00,  8.225e-01
  2.00,  4.367e-01,  1.543e+00,  4.196e-01
  2.00,  5.182e-01,  1.157e+00,  7.407e-02
  2.00,  5.998e-01,  9.059e-01, -2.130e-01
  2.00,  6.813e-01,  6.986e-01, -4.663e-01
  2.00,  7.629e-01,  5.760e-01, -7.341e-01
  2.00,  8.444e-01,  4.428e-01, -1.051e+00
  2.00,  9.260e-01,  2.510e-01, -1.505e+00
  2.00,  1.008e+00, -1.365e-01, -2.169e+00
  2.00,  1.089e+00, -2.276e+00, -1.000e+01
  2.50, -2.907e+00,  5.787e+00,  9.338e+00
  2.50, -2.825e+00,  5.916e+00,  9.318e+00
  2.50, -2.744e+00,  6.045e+00,  9.295e+00
  2.50, -2.662e+00,  6.175e+00,  9.267e+00
  2.50, -2.580e+00,  6.306e+00,  9.234e+00
  2.50, -2.499e+00,  6.438e+00,  9.192e+00
  2.50, -2.417e+00,  6.570e+00,  9.142e+00
  2.50, -2.336e+00,  6.703e+00,  9.076e+00
  2.50, -2.254e+00,  6.836e+00,  8.989e+00
  2.50, -2.173e+00,  6.940e+00,  8.866e+00
  2.50, -2.091e+00,  6.958e+00,  8.702e+00
  2.50, -2.010e+00,  6.913e+00,  8.505e+00
  2.50, -1.928e+00,  6.830e+00,  8.274e+00
  2.50, -1.847e+00,  6.693e+00,  8.011e+00
  2.50, -1.765e+00,  6.521e+00,  7.725e+00
  2.50, -1.683e+00,  6.328e+00,  7.416e+00
  2.50, -1.602e+00,  6.113e+00,  7.080e+00
  2.50, -1.520e+00,  5.878e+00,  6.706e+00
  2.50, -1.439e+00,  5.592e+00,  6.267e+00
  2.50, -1.357e+00,  5.197e+00,  5.781e+00
  2.50, -1.276e+00,  4.739e+00,  5.334e+00
  2.50, -1.194e+00,  4.348e+00,  4.993e+00
  2.50, -1.113e+00,  4.148e+00,  4.718e+00
  2.50, -1.031e+00,  3.882e+00,  4.414e+00
  2.50, -9.496e-01,  3.527e+00,  4.266e+00
  2.50, -8.680e-01,  3.727e+00,  4.035e+00
  2.50, -7.865e-01,  3.510e+00,  3.738e+00
  2.50, -7.049e-01,  3.223e+00,  3.461e+00
  2.50, -6.234e-01,  2.879e+00,  3.281e+00
  2.50, -5.418e-01,  2.807e+00,  3.153e+00
  2.50, -4.603e-01,  2.769e+00,  3.020e+00
  2.50, -3.788e-01,  2.721e+00,  2.892e+00
  2.50, -2.972e-01,  2.755e+00,  2.744e+00
  2.50, -2.157e-01,  2.746e+00,  2.558e+00
  2.50, -1.341e-01,  2.660e+00,  2.335e+00
  2.50, -5.258e-02,  2.525e+00,  2.096e+00
  2.50,  2.897e-02,  2.392e+00,  1.833e+00
  2.50,  1.105e-01,  2.212e+00,  1.547e+00
  2.50,  1.921e-01,  2.017e+00,  1.251e+00
  2.50,  2.736e-01,  1.828e+00,  9.234e-01
  2.50,  3.551e-01,  1.594e+00,  5.514e-01
  2.50,  4.367e-01,  1.279e+00,  1.344e-01
  2.50,  5.182e-01,  8.729e-01, -2.277e-01
  2.50,  5.998e-01,  6.045e-01, -5.262e-01
  2.50,  6.813e-01,  3.760e-01, -7.792e-01
  2.50,  7.629e-01,  2.534e-01, -1.040e+00
  2.50,  8.444e-01,  1.272e-01, -1.339e+00
  2.50,  9.260e-01, -3.142e-02, -1.774e+00
  2.50,  1.008e+00, -3.958e-01, -2.427e+00
  2.50,  1.089e+00, -2.425e+00, -1.000e+01
  3.00, -2.907e+00,  5.365e+00,  8.937e+00
  3.00, -2.825e+00,  5.493e+00,  8.918e+00
  3.00, -2.744e+00,  5.623e+00,  8.896e+00
  3.00, -2.662e+00,  5.753e+00,  8.869e+00
  3.00, -2.580e+00,  5.884e+00,  8.838e+00
  3.00, -2.499e+00,  6.016e+00,  8.800e+00
  3.00, -2.417e+00,  6.148e+00,  8.753e+00
  3.00, -2.336e+00,  6.281e+00,  8.692e+00
  3.00, -2.254e+00,  6.415e+00,  8.613e+00
  3.00, -2.173e+00,  6.544e+00,  8.501e+00
  3.00, -2.091e+00,  6.583e+00,  8.345e+00
  3.00, -2.010e+00,  6.546e+00,  8.157e+00
  3.00, -1.928e+00,  6.478e+00,  7.933e+00
  3.00, -1.847e+00,  6.350e+00,  7.677e+00
  3.00, -1.765e+00,  6.185e+00,  7.396e+00
  3.00, -1.683e+00,  5.996e+00,  7.092e+00
  3.00, -1.602e+00,  5.786e+00,  6.762e+00
  3.00, -1.520e+00,  5.557e+00,  6.398e+00
  3.00, -1.439e+00,  5.289e+00,  5.967e+00
  3.00, -1.357e+00,  4.905e+00,  5.476e+00
  3.00, -1.276e+00,  4.438e+00,  5.011e+00
  3.00, -1.194e+00,  4.012e+00,  4.652e+00
  3.00, -1.113e+00,  3.811e+00,  4.392e+00
  3.00, -1.031e+00,  3.594e+00,  4.049e+00
  3.00, -9.496e-01,  3.012e+00,  3.918e+00
  3.00, -8.680e-01,  3.389e+00,  3.710e+00
  3.00, -7.865e-01,  3.205e+00,  3.409e+00
  3.00, -7.049e-01,  2.916e+00,  3.108e+00
  3.00, -6.234e-01,  2.519e+00,  2.912e+00
  3.00, -5.418e-01,  2.429e+00,  2.788e+00
  3.00, -4.603e-01,  2.408e+00,  2.652e+00
  3.00, -3.788e-01,  2.329e+00,  2.530e+00
  3.00, -2.972e-01,  2.375e+00,  2.391e+00
  3.00, -2.157e-01,  2.386e+00,  2.215e+00
  3.00, -1.341e-01,  2.318e+00,  1.994e+00
  3.00, -5.258e-02,  2.178e+00,  1.759e+00
  3.00,  2.897e-02,  2.056e+00,  1.501e+00
  3.00,  1.105e-01,  1.880e+00,  1.216e+00
  3.00,  1.921e-01,  1.682e+00,  9.233e-01
  3.00,  2.736e-01,  1.500e+00,  6.006e-01
  3.00,  3.551e-01,  1.274e+00,  2.344e-01
  3.00,  4.367e-01,  9.740e-01, -1.946e-01
  3.00,  5.182e-01,  5.414e-01, -5.736e-01
  3.00,  5.998e-01,  2.643e-01, -8.856e-01
  3.00,  6.813e-01,  6.721e-03, -1.143e+00
  3.00,  7.629e-01, -1.178e-01, -1.397e+00
  3.00,  8.444e-01, -2.423e-01, -1.684e+00
  3.00,  9.260e-01, -3.802e-01, -2.086e+00
  3.00,  1.008e+00, -6.832e-01, -2.714e+00
  3.00,  1.089e+00, -2.606e+00, -1.000e+01
  3.90, -2.907e+00,  3.942e+00,  7.548e+00
  3.90, -2.825e+00,  4.070e+00,  7.533e+00
  3.90, -2.744e+00,  4.200e+00,  7.510e+00
  3.90, -2.662e+00,  4.330e+00,  7.488e+00
  3.90, -2.580e+00,  4.461e+00,  7.458e+00
  3.90, -2.499e+00,  4.593e+00,  7.425e+00
  3.90, -2.417e+00,  4.726e+00,  7.381e+00
  3.90, -2.336e+00,  4.859e+00,  7.330e+00
  3.90, -2.254e+00,  4.993e+00,  7.259e+00
  3.90, -2.173e+00,  5.128e+00,  7.169e+00
  3.90, -2.091e+00,  5.233e+00,  7.030e+00
  3.90, -2.010e+00,  5.211e+00,  6.856e+00
  3.90, -1.928e+00,  5.162e+00,  6.649e+00
  3.90, -1.847e+00,  5.062e+00,  6.406e+00
  3.90, -1.765e+00,  4.909e+00,  6.136e+00
  3.90, -1.683e+00,  4.732e+00,  5.841e+00
  3.90, -1.602e+00,  4.530e+00,  5.524e+00
  3.90, -1.520e+00,  4.313e+00,  5.171e+00
  3.90, -1.439e+00,  4.057e+00,  4.773e+00
  3.90, -1.357e+00,  3.744e+00,  4.289e+00
  3.90, -1.276e+00,  3.254e+00,  3.775e+00
  3.90, -1.194e+00,  2.770e+00,  3.394e+00
  3.90, -1.113e+00,  2.517e+00,  3.104e+00
  3.90, -1.031e+00,  2.322e+00,  2.842e+00
  3.90, -9.496e-01,  1.833e+00,  2.603e+00
  3.90, -8.680e-01,  1.571e+00,  2.585e+00
  3.90, -7.865e-01,  2.225e+00,  2.362e+00
  3.90, -7.049e-01,  1.985e+00,  1.901e+00
  3.90, -6.234e-01,  1.235e+00,  1.586e+00
  3.90, -5.418e-01,  1.102e+00,  1.448e+00
  3.90, -4.603e-01,  1.050e+00,  1.321e+00
  3.90, -3.788e-01,  9.996e-01,  1.196e+00
  3.90, -2.972e-01,  9.707e-01,  1.071e+00
  3.90, -2.157e-01,  1.041e+00,  9.257e-01
  3.90, -1.341e-01,  1.041e+00,  7.132e-01
  3.90, -5.258e-02,  8.831e-01,  4.789e-01
  3.90,  2.897e-02,  7.672e-01,  2.376e-01
  3.90,  1.105e-01,  6.226e-01, -4.628e-02
  3.90,  1.921e-01,  4.060e-01, -3.285e-01
  3.90,  2.736e-01,  2.417e-01, -6.429e-01
  3.90,  3.551e-01,  2.607e-02, -9.791e-01
  3.90,  4.367e-01, -2.045e-01, -1.423e+00
  3.90,  5.182e-01, -7.023e-01, -1.835e+00
  3.90,  5.998e-01, -9.737e-01, -2.174e+00
  3.90,  6.813e-01, -1.293e+00, -2.456e+00
  3.90,  7.629e-01, -1.448e+00, -2.702e+00
  3.90,  8.444e-01, -1.560e+00, -2.978e+00
  3.90,  9.260e-01, -1.690e+00, -3.332e+00
  3.90,  1.008e+00, -1.899e+00, -3.913e+00
  3.90,  1.089e+00, -3.127e+00, -1.000e+01
