# size in redshift 18 - size in energy 50
# z - eps [eV] - n [1/eV/m3] - I_gamma [1/eV2/m3]
  0.00, 1.239842e-03, 5.564324e+07, 8.366624e+10
  0.00, 1.495928e-03, 7.509927e+07, 7.476213e+10
  0.00, 1.804909e-03, 1.005945e+08, 6.480088e+10
  0.00, 2.177708e-03, 1.293782e+08, 5.394873e+10
  0.00, 2.627509e-03, 1.568638e+08, 4.270271e+10
  0.00, 3.170215e-03, 1.765308e+08, 3.179915e+10
  0.00, 3.825015e-03, 1.816584e+08, 2.205319e+10
  0.00, 4.615062e-03, 1.677570e+08, 1.414924e+10
  0.00, 5.568292e-03, 1.390249e+08, 8.417895e+09
  0.00, 6.718410e-03, 1.047223e+08, 4.648039e+09
  0.00, 8.106081e-03, 7.172576e+07, 2.399144e+09
  0.00, 9.780373e-03, 4.561112e+07, 1.165381e+09
  0.00, 1.180049e-02, 2.721490e+07, 5.334813e+08
  0.00, 1.423785e-02, 1.524809e+07, 2.291011e+08
  0.00, 1.717864e-02, 7.952787e+06, 9.204928e+07
  0.00, 2.072685e-02, 3.778115e+06, 3.476493e+07
  0.00, 2.500793e-02, 1.589564e+06, 1.346209e+07
  0.00, 3.017326e-02, 7.016785e+05, 5.988019e+06
  0.00, 3.640548e-02, 3.724823e+05, 3.021599e+06
  0.00, 4.392494e-02, 2.195991e+05, 1.658176e+06
  0.00, 5.299752e-02, 1.387520e+05, 9.657664e+05
  0.00, 6.394402e-02, 9.620118e+04, 5.956752e+05
  0.00, 7.715152e-02, 7.841122e+04, 3.616545e+05
  0.00, 9.308696e-02, 5.689640e+04, 2.088214e+05
  0.00, 1.123139e-01, 3.400768e+04, 1.260751e+05
  0.00, 1.355121e-01, 2.126554e+04, 8.494070e+04
  0.00, 1.635018e-01, 1.637590e+04, 6.156862e+04
  0.00, 1.972725e-01, 1.475822e+04, 4.536232e+04
  0.00, 2.380187e-01, 1.392553e+04, 3.290922e+04
  0.00, 2.871813e-01, 1.308923e+04, 2.318032e+04
  0.00, 3.464978e-01, 1.191276e+04, 1.568506e+04
  0.00, 4.180661e-01, 1.038481e+04, 1.016582e+04
  0.00, 5.044171e-01, 8.643131e+03, 6.242076e+03
  0.00, 6.086010e-01, 6.678506e+03, 3.634621e+03
  0.00, 7.343078e-01, 4.834140e+03, 2.010413e+03
  0.00, 8.859748e-01, 3.305873e+03, 1.066144e+03
  0.00, 1.068977e+00, 2.185228e+03, 5.362972e+02
  0.00, 1.289769e+00, 1.352436e+03, 2.551911e+02
  0.00, 1.556163e+00, 7.880426e+02, 1.141495e+02
  0.00, 1.877581e+00, 4.218204e+02, 4.872636e+01
  0.00, 2.265379e+00, 2.148385e+02, 2.027671e+01
  0.00, 2.733338e+00, 1.034482e+02, 8.554488e+00
  0.00, 3.297891e+00, 5.186386e+01, 3.880690e+00
  0.00, 3.979081e+00, 3.079774e+01, 1.764267e+00
  0.00, 4.800937e+00, 1.807456e+01, 7.230426e-01
  0.00, 5.792571e+00, 9.073103e+00, 2.393041e-01
  0.00, 6.988963e+00, 3.301585e+00, 6.571178e-02
  0.00, 8.432578e+00, 1.061607e+00, 1.513270e-02
  0.00, 1.017431e+01, 2.904829e-01, 2.838579e-03
  0.00, 1.227566e+01, 2.070744e-02, 0.000000e+00
  0.01, 1.239842e-03, 5.586242e+07, 8.493039e+10
  0.01, 1.495928e-03, 7.538900e+07, 7.598983e+10
  0.01, 1.804909e-03, 1.011091e+08, 6.598763e+10
  0.01, 2.177708e-03, 1.303912e+08, 5.506381e+10
  0.01, 2.627509e-03, 1.586359e+08, 4.371295e+10
  0.01, 3.170215e-03, 1.793082e+08, 3.266143e+10
  0.01, 3.825015e-03, 1.854688e+08, 2.273953e+10
  0.01, 4.615062e-03, 1.722948e+08, 1.464575e+10
  0.01, 5.568292e-03, 1.435104e+08, 8.745315e+09
  0.01, 6.718410e-03, 1.086189e+08, 4.845041e+09
  0.01, 8.106081e-03, 7.468745e+07, 2.508078e+09
  0.01, 9.780373e-03, 4.763805e+07, 1.221643e+09
  0.01, 1.180049e-02, 2.850197e+07, 5.608369e+08
  0.01, 1.423785e-02, 1.601642e+07, 2.417083e+08
  0.01, 1.717864e-02, 8.392985e+06, 9.746486e+07
  0.01, 2.072685e-02, 4.011192e+06, 3.687572e+07
  0.01, 2.500793e-02, 1.694061e+06, 1.419711e+07
  0.01, 3.017326e-02, 7.385032e+05, 6.272514e+06
  0.01, 3.640548e-02, 3.910448e+05, 3.157638e+06
  0.01, 4.392494e-02, 2.294709e+05, 1.724572e+06
  0.01, 5.299752e-02, 1.451742e+05, 1.006045e+06
  0.01, 6.394402e-02, 1.013151e+05, 6.126613e+05
  0.01, 7.715152e-02, 8.036524e+04, 3.727412e+05
  0.01, 9.308696e-02, 5.923268e+04, 2.128906e+05
  0.01, 1.123139e-01, 3.386598e+04, 1.293725e+05
  0.01, 1.355121e-01, 2.205028e+04, 8.739257e+04
  0.01, 1.635018e-01, 1.688765e+04, 6.329929e+04
  0.01, 1.972725e-01, 1.525527e+04, 4.651047e+04
  0.01, 2.380187e-01, 1.422178e+04, 3.373531e+04
  0.01, 2.871813e-01, 1.339839e+04, 2.379178e+04
  0.01, 3.464978e-01, 1.222976e+04, 1.610647e+04
  0.01, 4.180661e-01, 1.064590e+04, 1.044178e+04
  0.01, 5.044171e-01, 8.870796e+03, 6.421626e+03
  0.01, 6.086010e-01, 6.864987e+03, 3.739327e+03
  0.01, 7.343078e-01, 4.965146e+03, 2.073840e+03
  0.01, 8.859748e-01, 3.413311e+03, 1.099417e+03
  0.01, 1.068977e+00, 2.249286e+03, 5.544482e+02
  0.01, 1.289769e+00, 1.398791e+03, 2.636231e+02
  0.01, 1.556163e+00, 8.112715e+02, 1.186180e+02
  0.01, 1.877581e+00, 4.416888e+02, 5.050970e+01
  0.01, 2.265379e+00, 2.212753e+02, 2.098399e+01
  0.01, 2.733338e+00, 1.071438e+02, 8.879594e+00
  0.01, 3.297891e+00, 5.380491e+01, 4.034770e+00
  0.01, 3.979081e+00, 3.189753e+01, 1.840105e+00
  0.01, 4.800937e+00, 1.887423e+01, 7.606632e-01
  0.01, 5.792571e+00, 9.626776e+00, 2.501615e-01
  0.01, 6.988963e+00, 3.418051e+00, 6.793514e-02
  0.01, 8.432578e+00, 1.097762e+00, 1.556799e-02
  0.01, 1.017431e+01, 2.971467e-01, 2.904510e-03
  0.01, 1.227566e+01, 2.128875e-02, 0.000000e+00
  0.03, 1.239842e-03, 5.629958e+07, 8.746891e+10
  0.03, 1.495928e-03, 7.596690e+07, 7.845485e+10
  0.03, 1.804909e-03, 1.021006e+08, 6.837299e+10
  0.03, 2.177708e-03, 1.323458e+08, 5.731093e+10
  0.03, 2.627509e-03, 1.621190e+08, 4.575624e+10
  0.03, 3.170215e-03, 1.847800e+08, 3.441249e+10
  0.03, 3.825015e-03, 1.930297e+08, 2.414404e+10
  0.03, 4.615062e-03, 1.814805e+08, 1.566934e+10
  0.03, 5.568292e-03, 1.526836e+08, 9.424708e+09
  0.03, 6.718410e-03, 1.166586e+08, 5.256738e+09
  0.03, 8.106081e-03, 8.086317e+07, 2.737095e+09
  0.03, 9.780373e-03, 5.189077e+07, 1.340495e+09
  0.03, 1.180049e-02, 3.122446e+07, 6.188734e+08
  0.03, 1.423785e-02, 1.765218e+07, 2.683973e+08
  0.03, 1.717864e-02, 9.318741e+06, 1.089264e+08
  0.03, 2.072685e-02, 4.499318e+06, 4.140876e+07
  0.03, 2.500793e-02, 1.920253e+06, 1.582388e+07
  0.03, 3.017326e-02, 8.255371e+05, 6.886688e+06
  0.03, 3.640548e-02, 4.303753e+05, 3.428569e+06
  0.03, 4.392494e-02, 2.510027e+05, 1.857067e+06
  0.03, 5.299752e-02, 1.564775e+05, 1.073289e+06
  0.03, 6.394402e-02, 1.060515e+05, 6.564464e+05
  0.03, 7.715152e-02, 8.527446e+04, 4.041114e+05
  0.03, 9.308696e-02, 6.510881e+04, 2.321589e+05
  0.03, 1.123139e-01, 3.837636e+04, 1.384433e+05
  0.03, 1.355121e-01, 2.406227e+04, 9.172692e+04
  0.03, 1.635018e-01, 1.760331e+04, 6.586561e+04
  0.03, 1.972725e-01, 1.560923e+04, 4.870747e+04
  0.03, 2.380187e-01, 1.496752e+04, 3.538239e+04
  0.03, 2.871813e-01, 1.398853e+04, 2.496349e+04
  0.03, 3.464978e-01, 1.274446e+04, 1.695003e+04
  0.03, 4.180661e-01, 1.116992e+04, 1.103455e+04
  0.03, 5.044171e-01, 9.361496e+03, 6.797536e+03
  0.03, 6.086010e-01, 7.247421e+03, 3.970774e+03
  0.03, 7.343078e-01, 5.273012e+03, 2.205310e+03
  0.03, 8.859748e-01, 3.622593e+03, 1.171789e+03
  0.03, 1.068977e+00, 2.396759e+03, 5.919064e+02
  0.03, 1.289769e+00, 1.487757e+03, 2.823545e+02
  0.03, 1.556163e+00, 8.709909e+02, 1.277715e+02
  0.03, 1.877581e+00, 4.800553e+02, 5.403774e+01
  0.03, 2.265379e+00, 2.350080e+02, 2.224069e+01
  0.03, 2.733338e+00, 1.122438e+02, 9.494360e+00
  0.03, 3.297891e+00, 5.762094e+01, 4.372451e+00
  0.03, 3.979081e+00, 3.440638e+01, 2.008947e+00
  0.03, 4.800937e+00, 2.045430e+01, 8.474729e-01
  0.03, 5.792571e+00, 1.083490e+01, 2.840943e-01
  0.03, 6.988963e+00, 3.927545e+00, 7.736947e-02
  0.03, 8.432578e+00, 1.255674e+00, 1.702551e-02
  0.03, 1.017431e+01, 3.085269e-01, 3.017644e-03
  0.03, 1.227566e+01, 2.235211e-02, 0.000000e+00
  0.05, 1.239842e-03, 5.672488e+07, 8.999857e+10
  0.05, 1.495928e-03, 7.652889e+07, 8.091228e+10
  0.05, 1.804909e-03, 1.030265e+08, 7.075502e+10
  0.05, 2.177708e-03, 1.341962e+08, 5.956325e+10
  0.05, 2.627509e-03, 1.654542e+08, 4.781401e+10
  0.05, 3.170215e-03, 1.901028e+08, 3.618876e+10
  0.05, 3.825015e-03, 2.004889e+08, 2.557996e+10
  0.05, 4.615062e-03, 1.906921e+08, 1.672740e+10
  0.05, 5.568292e-03, 1.620651e+08, 1.013344e+10
  0.05, 6.718410e-03, 1.249708e+08, 5.690641e+09
  0.05, 8.106081e-03, 8.734836e+07, 2.980562e+09
  0.05, 9.780373e-03, 5.639798e+07, 1.467830e+09
  0.05, 1.180049e-02, 3.412566e+07, 6.815077e+08
  0.05, 1.423785e-02, 1.941123e+07, 2.976062e+08
  0.05, 1.717864e-02, 1.033294e+07, 1.215481e+08
  0.05, 2.072685e-02, 5.036867e+06, 4.648163e+07
  0.05, 2.500793e-02, 2.180002e+06, 1.760759e+07
  0.05, 3.017326e-02, 9.191425e+05, 7.541872e+06
  0.05, 3.640548e-02, 4.727719e+05, 3.712657e+06
  0.05, 4.392494e-02, 2.726167e+05, 1.995740e+06
  0.05, 5.299752e-02, 1.695082e+05, 1.145913e+06
  0.05, 6.394402e-02, 1.132940e+05, 6.956786e+05
  0.05, 7.715152e-02, 8.966973e+04, 4.294250e+05
  0.05, 9.308696e-02, 6.972736e+04, 2.469345e+05
  0.05, 1.123139e-01, 4.147858e+04, 1.460413e+05
  0.05, 1.355121e-01, 2.539835e+04, 9.586523e+04
  0.05, 1.635018e-01, 1.837415e+04, 6.897150e+04
  0.05, 1.972725e-01, 1.648997e+04, 5.076898e+04
  0.05, 2.380187e-01, 1.537096e+04, 3.696942e+04
  0.05, 2.871813e-01, 1.456772e+04, 2.619500e+04
  0.05, 3.464978e-01, 1.334632e+04, 1.781735e+04
  0.05, 4.180661e-01, 1.169922e+04, 1.162574e+04
  0.05, 5.044171e-01, 9.851625e+03, 7.178363e+03
  0.05, 6.086010e-01, 7.644130e+03, 4.198670e+03
  0.05, 7.343078e-01, 5.560974e+03, 2.337592e+03
  0.05, 8.859748e-01, 3.833854e+03, 1.245787e+03
  0.05, 1.068977e+00, 2.547292e+03, 6.311341e+02
  0.05, 1.289769e+00, 1.585093e+03, 3.014499e+02
  0.05, 1.556163e+00, 9.267319e+02, 1.370508e+02
  0.05, 1.877581e+00, 5.161622e+02, 5.823904e+01
  0.05, 2.265379e+00, 2.537411e+02, 2.394633e+01
  0.05, 2.733338e+00, 1.206892e+02, 1.022846e+01
  0.05, 3.297891e+00, 6.193701e+01, 4.704990e+00
  0.05, 3.979081e+00, 3.659360e+01, 2.187620e+00
  0.05, 4.800937e+00, 2.226528e+01, 9.368753e-01
  0.05, 5.792571e+00, 1.193517e+01, 3.220412e-01
  0.05, 6.988963e+00, 4.549679e+00, 9.003923e-02
  0.05, 8.432578e+00, 1.487634e+00, 1.907803e-02
  0.05, 1.017431e+01, 3.217569e-01, 3.147663e-03
  0.05, 1.227566e+01, 2.339162e-02, 0.000000e+00
  0.10, 1.239842e-03, 5.777417e+07, 9.634773e+10
  0.10, 1.495928e-03, 7.791535e+07, 8.708361e+10
  0.10, 1.804909e-03, 1.051463e+08, 7.674567e+10
  0.10, 2.177708e-03, 1.384621e+08, 6.525994e+10
  0.10, 2.627509e-03, 1.732963e+08, 5.305394e+10
  0.10, 3.170215e-03, 2.029175e+08, 4.076265e+10
  0.10, 3.825015e-03, 2.188533e+08, 2.932063e+10
  0.10, 4.615062e-03, 2.138898e+08, 1.953172e+10
  0.10, 5.568292e-03, 1.865047e+08, 1.204052e+10
  0.10, 6.718410e-03, 1.470438e+08, 6.875934e+09
  0.10, 8.106081e-03, 1.049708e+08, 3.654361e+09
  0.10, 9.780373e-03, 6.881874e+07, 1.823752e+09
  0.10, 1.180049e-02, 4.221603e+07, 8.583951e+08
  0.10, 1.423785e-02, 2.436280e+07, 3.806381e+08
  0.10, 1.717864e-02, 1.319410e+07, 1.580356e+08
  0.10, 2.072685e-02, 6.589285e+06, 6.136248e+07
  0.10, 2.500793e-02, 2.943449e+06, 2.300919e+07
  0.10, 3.017326e-02, 1.217171e+06, 9.474029e+06
  0.10, 3.640548e-02, 5.945020e+05, 4.521524e+06
  0.10, 4.392494e-02, 3.338367e+05, 2.385367e+06
  0.10, 5.299752e-02, 2.051283e+05, 1.354514e+06
  0.10, 6.394402e-02, 1.342891e+05, 8.092617e+05
  0.10, 7.715152e-02, 1.021537e+05, 5.036338e+05
  0.10, 9.308696e-02, 8.235450e+04, 2.909684e+05
  0.10, 1.123139e-01, 5.043397e+04, 1.711725e+05
  0.10, 1.355121e-01, 3.192796e+04, 1.084315e+05
  0.10, 1.635018e-01, 2.081017e+04, 7.611668e+04
  0.10, 1.972725e-01, 1.781466e+04, 5.616922e+04
  0.10, 2.380187e-01, 1.690383e+04, 4.109791e+04
  0.10, 2.871813e-01, 1.601204e+04, 2.924789e+04
  0.10, 3.464978e-01, 1.474401e+04, 2.003120e+04
  0.10, 4.180661e-01, 1.307175e+04, 1.314852e+04
  0.10, 5.044171e-01, 1.107571e+04, 8.165953e+03
  0.10, 6.086010e-01, 8.667497e+03, 4.803197e+03
  0.10, 7.343078e-01, 6.351802e+03, 2.684931e+03
  0.10, 8.859748e-01, 4.393886e+03, 1.435889e+03
  0.10, 1.068977e+00, 2.922442e+03, 7.308553e+02
  0.10, 1.289769e+00, 1.831041e+03, 3.521934e+02
  0.10, 1.556163e+00, 1.083901e+03, 1.607471e+02
  0.10, 1.877581e+00, 6.035614e+02, 6.884973e+01
  0.10, 2.265379e+00, 3.017131e+02, 2.834269e+01
  0.10, 2.733338e+00, 1.409055e+02, 1.216140e+01
  0.10, 3.297891e+00, 7.279022e+01, 5.718119e+00
  0.10, 3.979081e+00, 4.433640e+01, 2.711988e+00
  0.10, 4.800937e+00, 2.722931e+01, 1.192156e+00
  0.10, 5.792571e+00, 1.531837e+01, 4.292137e-01
  0.10, 6.988963e+00, 6.309722e+00, 1.186250e-01
  0.10, 8.432578e+00, 1.883405e+00, 2.371445e-02
  0.10, 1.017431e+01, 3.902705e-01, 3.799382e-03
  0.10, 1.227566e+01, 2.594911e-02, 0.000000e+00
  0.20, 1.239842e-03, 5.978857e+07, 1.090789e+11
  0.20, 1.495928e-03, 8.057569e+07, 9.948892e+10
  0.20, 1.804909e-03, 1.087607e+08, 8.880465e+10
  0.20, 2.177708e-03, 1.455819e+08, 7.684799e+10
  0.20, 2.627509e-03, 1.869398e+08, 6.384410e+10
  0.20, 3.170215e-03, 2.261435e+08, 5.038758e+10
  0.20, 3.825015e-03, 2.537383e+08, 3.738084e+10
  0.20, 4.615062e-03, 2.600525e+08, 2.578883e+10
  0.20, 5.568292e-03, 2.387937e+08, 1.643801e+10
  0.20, 6.718410e-03, 1.964475e+08, 9.695843e+09
  0.20, 8.106081e-03, 1.462259e+08, 5.304648e+09
  0.20, 9.780373e-03, 9.897507e+07, 2.716309e+09
  0.20, 1.180049e-02, 6.235189e+07, 1.311433e+09
  0.20, 1.423785e-02, 3.694815e+07, 5.977043e+08
  0.20, 1.717864e-02, 2.060612e+07, 2.559773e+08
  0.20, 2.072685e-02, 1.072806e+07, 1.025894e+08
  0.20, 2.500793e-02, 5.078703e+06, 3.861196e+07
  0.20, 3.017326e-02, 2.123443e+06, 1.494775e+07
  0.20, 3.640548e-02, 9.369268e+05, 6.672222e+06
  0.20, 4.392494e-02, 5.010272e+05, 3.386232e+06
  0.20, 5.299752e-02, 2.970902e+05, 1.855014e+06
  0.20, 6.394402e-02, 1.860656e+05, 1.086812e+06
  0.20, 7.715152e-02, 1.313012e+05, 6.691725e+05
  0.20, 9.308696e-02, 1.076994e+05, 4.062178e+05
  0.20, 1.123139e-01, 7.936456e+04, 2.287807e+05
  0.20, 1.355121e-01, 4.395674e+04, 1.365973e+05
  0.20, 1.635018e-01, 2.708345e+04, 9.297923e+04
  0.20, 1.972725e-01, 2.157067e+04, 6.798220e+04
  0.20, 2.380187e-01, 2.013983e+04, 4.994158e+04
  0.20, 2.871813e-01, 1.913769e+04, 3.578435e+04
  0.20, 3.464978e-01, 1.768602e+04, 2.476774e+04
  0.20, 4.180661e-01, 1.592048e+04, 1.645164e+04
  0.20, 5.044171e-01, 1.373453e+04, 1.033526e+04
  0.20, 6.086010e-01, 1.093302e+04, 6.127260e+03
  0.20, 7.343078e-01, 8.047691e+03, 3.447868e+03
  0.20, 8.859748e-01, 5.609635e+03, 1.862895e+03
  0.20, 1.068977e+00, 3.775804e+03, 9.557471e+02
  0.20, 1.289769e+00, 2.371465e+03, 4.672314e+02
  0.20, 1.556163e+00, 1.437449e+03, 2.165586e+02
  0.20, 1.877581e+00, 8.128983e+02, 9.380855e+01
  0.20, 2.265379e+00, 4.116380e+02, 3.898623e+01
  0.20, 2.733338e+00, 1.942150e+02, 1.677351e+01
  0.20, 3.297891e+00, 9.803465e+01, 7.962241e+00
  0.20, 3.979081e+00, 5.992555e+01, 3.941876e+00
  0.20, 4.800937e+00, 3.888334e+01, 1.824418e+00
  0.20, 5.792571e+00, 2.323962e+01, 7.206023e-01
  0.20, 6.988963e+00, 1.122225e+01, 2.126175e-01
  0.20, 8.432578e+00, 3.417945e+00, 4.216028e-02
  0.20, 1.017431e+01, 6.757208e-01, 6.481534e-03
  0.20, 1.227566e+01, 3.227357e-02, 0.000000e+00
  0.30, 1.239842e-03, 6.169429e+07, 1.218357e+11
  0.30, 1.495928e-03, 8.309126e+07, 1.119650e+11
  0.30, 1.804909e-03, 1.120850e+08, 1.009289e+11
  0.30, 2.177708e-03, 1.511457e+08, 8.859782e+10
  0.30, 2.627509e-03, 1.980945e+08, 7.494775e+10
  0.30, 3.170215e-03, 2.462396e+08, 6.051793e+10
  0.30, 3.825015e-03, 2.857686e+08, 4.610770e+10
  0.30, 4.615062e-03, 3.048507e+08, 3.281847e+10
  0.30, 5.568292e-03, 2.937373e+08, 2.159306e+10
  0.30, 6.718410e-03, 2.520225e+08, 1.312995e+10
  0.30, 8.106081e-03, 1.950356e+08, 7.394348e+09
  0.30, 9.780373e-03, 1.367120e+08, 3.883749e+09
  0.30, 1.180049e-02, 8.843135e+07, 1.919986e+09
  0.30, 1.423785e-02, 5.369028e+07, 8.967742e+08
  0.30, 1.717864e-02, 3.074268e+07, 3.948940e+08
  0.30, 2.072685e-02, 1.653863e+07, 1.627933e+08
  0.30, 2.500793e-02, 8.183947e+06, 6.264280e+07
  0.30, 3.017326e-02, 3.591491e+06, 2.347462e+07
  0.30, 3.640548e-02, 1.486344e+06, 9.806415e+06
  0.30, 4.392494e-02, 7.432269e+05, 4.744656e+06
  0.30, 5.299752e-02, 4.216614e+05, 2.517125e+06
  0.30, 6.394402e-02, 2.563044e+05, 1.442931e+06
  0.30, 7.715152e-02, 1.740094e+05, 8.745283e+05
  0.30, 9.308696e-02, 1.346862e+05, 5.368583e+05
  0.30, 1.123139e-01, 1.078770e+05, 3.110226e+05
  0.30, 1.355121e-01, 6.760607e+04, 1.746151e+05
  0.30, 1.635018e-01, 3.552244e+04, 1.124111e+05
  0.30, 1.972725e-01, 2.629428e+04, 8.065714e+04
  0.30, 2.380187e-01, 2.344182e+04, 5.928029e+04
  0.30, 2.871813e-01, 2.246769e+04, 4.276183e+04
  0.30, 3.464978e-01, 2.088100e+04, 2.975814e+04
  0.30, 4.180661e-01, 1.878898e+04, 1.996554e+04
  0.30, 5.044171e-01, 1.653079e+04, 1.268385e+04
  0.30, 6.086010e-01, 1.335666e+04, 7.574653e+03
  0.30, 7.343078e-01, 9.882116e+03, 4.296174e+03
  0.30, 8.859748e-01, 6.945187e+03, 2.341275e+03
  0.30, 1.068977e+00, 4.714402e+03, 1.215356e+03
  0.30, 1.289769e+00, 3.004180e+03, 6.007385e+02
  0.30, 1.556163e+00, 1.832171e+03, 2.825270e+02
  0.30, 1.877581e+00, 1.064444e+03, 1.247270e+02
  0.30, 2.265379e+00, 5.532906e+02, 5.162616e+01
  0.30, 2.733338e+00, 2.530696e+02, 2.230495e+01
  0.30, 3.297891e+00, 1.298927e+02, 1.069264e+01
  0.30, 3.979081e+00, 7.787256e+01, 5.424994e+00
  0.30, 4.800937e+00, 5.175002e+01, 2.653275e+00
  0.30, 5.792571e+00, 3.327072e+01, 1.142103e+00
  0.30, 6.988963e+00, 1.818602e+01, 3.778419e-01
  0.30, 8.432578e+00, 6.506116e+00, 8.291408e-02
  0.30, 1.017431e+01, 1.399115e+00, 1.320523e-02
  0.30, 1.227566e+01, 3.869406e-02, 0.000000e+00
  0.40, 1.239842e-03, 6.341462e+07, 1.343238e+11
  0.40, 1.495928e-03, 8.536109e+07, 1.241943e+11
  0.40, 1.804909e-03, 1.150832e+08, 1.128463e+11
  0.40, 2.177708e-03, 1.553989e+08, 1.001941e+11
  0.40, 2.627509e-03, 2.068873e+08, 8.606282e+10
  0.40, 3.170215e-03, 2.630738e+08, 7.082182e+10
  0.40, 3.825015e-03, 3.141802e+08, 5.521904e+10
  0.40, 4.615062e-03, 3.468108e+08, 4.036141e+10
  0.40, 5.568292e-03, 3.482536e+08, 2.735057e+10
  0.40, 6.718410e-03, 3.116878e+08, 1.709696e+10
  0.40, 8.106081e-03, 2.495874e+08, 9.894562e+09
  0.40, 9.780373e-03, 1.811960e+08, 5.325459e+09
  0.40, 1.180049e-02, 1.202952e+08, 2.691332e+09
  0.40, 1.423785e-02, 7.471302e+07, 1.285403e+09
  0.40, 1.717864e-02, 4.379137e+07, 5.800464e+08
  0.40, 2.072685e-02, 2.419378e+07, 2.457299e+08
  0.40, 2.500793e-02, 1.244313e+07, 9.713142e+07
  0.40, 3.017326e-02, 5.755622e+06, 3.616832e+07
  0.40, 3.640548e-02, 2.359953e+06, 1.417760e+07
  0.40, 4.392494e-02, 1.069415e+06, 6.476986e+06
  0.40, 5.299752e-02, 5.842394e+05, 3.335306e+06
  0.40, 6.394402e-02, 3.469117e+05, 1.853809e+06
  0.40, 7.715152e-02, 2.237106e+05, 1.105652e+06
  0.40, 9.308696e-02, 1.654584e+05, 6.770848e+05
  0.40, 1.123139e-01, 1.345395e+05, 4.042101e+05
  0.40, 1.355121e-01, 9.510799e+04, 2.220180e+05
  0.40, 1.635018e-01, 4.846510e+04, 1.349781e+05
  0.40, 1.972725e-01, 3.209439e+04, 9.370031e+04
  0.40, 2.380187e-01, 2.677516e+04, 6.865570e+04
  0.40, 2.871813e-01, 2.577802e+04, 4.973731e+04
  0.40, 3.464978e-01, 2.390340e+04, 3.482529e+04
  0.40, 4.180661e-01, 2.169393e+04, 2.360095e+04
  0.40, 5.044171e-01, 1.939286e+04, 1.511037e+04
  0.40, 6.086010e-01, 1.580993e+04, 9.102396e+03
  0.40, 7.343078e-01, 1.184897e+04, 5.190776e+03
  0.40, 8.859748e-01, 8.337110e+03, 2.847829e+03
  0.40, 1.068977e+00, 5.707319e+03, 1.490865e+03
  0.40, 1.289769e+00, 3.663306e+03, 7.444338e+02
  0.40, 1.556163e+00, 2.259240e+03, 3.547882e+02
  0.40, 1.877581e+00, 1.331125e+03, 1.588436e+02
  0.40, 2.265379e+00, 7.045394e+02, 6.697481e+01
  0.40, 2.733338e+00, 3.312604e+02, 2.902682e+01
  0.40, 3.297891e+00, 1.667032e+02, 1.400150e+01
  0.40, 3.979081e+00, 1.007261e+02, 7.202658e+00
  0.40, 4.800937e+00, 6.720493e+01, 3.624168e+00
  0.40, 5.792571e+00, 4.468435e+01, 1.631071e+00
  0.40, 6.988963e+00, 2.595527e+01, 5.843952e-01
  0.40, 8.432578e+00, 1.053507e+01, 1.403621e-01
  0.40, 1.017431e+01, 2.511868e+00, 2.371796e-02
  0.40, 1.227566e+01, 7.080928e-02, 0.000000e+00
  0.50, 1.239842e-03, 6.482740e+07, 1.461029e+11
  0.50, 1.495928e-03, 8.722366e+07, 1.357337e+11
  0.50, 1.804909e-03, 1.175419e+08, 1.241571e+11
  0.50, 2.177708e-03, 1.586488e+08, 1.112211e+11
  0.50, 2.627509e-03, 2.132818e+08, 9.676244e+10
  0.50, 3.170215e-03, 2.764006e+08, 8.088302e+10
  0.50, 3.825015e-03, 3.382023e+08, 6.432086e+10
  0.50, 4.615062e-03, 3.845209e+08, 4.807583e+10
  0.50, 5.568292e-03, 3.997252e+08, 3.343513e+10
  0.50, 6.718410e-03, 3.721200e+08, 2.142282e+10
  0.50, 8.106081e-03, 3.071304e+08, 1.270438e+10
  0.50, 9.780373e-03, 2.300847e+08, 6.998311e+09
  0.50, 1.180049e-02, 1.568535e+08, 3.611542e+09
  0.50, 1.423785e-02, 9.953881e+07, 1.760675e+09
  0.50, 1.717864e-02, 5.960310e+07, 8.122264e+08
  0.50, 2.072685e-02, 3.373370e+07, 3.526331e+08
  0.50, 2.500793e-02, 1.789107e+07, 1.428407e+08
  0.50, 3.017326e-02, 8.636091e+06, 5.375091e+07
  0.50, 3.640548e-02, 3.632696e+06, 2.016457e+07
  0.50, 4.392494e-02, 1.522948e+06, 8.686129e+06
  0.50, 5.299752e-02, 7.920643e+05, 4.303854e+06
  0.50, 6.394402e-02, 4.500200e+05, 2.334075e+06
  0.50, 7.715152e-02, 2.862340e+05, 1.374363e+06
  0.50, 9.308696e-02, 2.017746e+05, 8.291287e+05
  0.50, 1.123139e-01, 1.606130e+05, 5.100001e+05
  0.50, 1.355121e-01, 1.281977e+05, 2.762429e+05
  0.50, 1.635018e-01, 6.391402e+04, 1.591933e+05
  0.50, 1.972725e-01, 3.874779e+04, 1.068764e+05
  0.50, 2.380187e-01, 3.051343e+04, 7.753063e+04
  0.50, 2.871813e-01, 2.873708e+04, 5.622562e+04
  0.50, 3.464978e-01, 2.669983e+04, 3.963254e+04
  0.50, 4.180661e-01, 2.448581e+04, 2.700592e+04
  0.50, 5.044171e-01, 2.199395e+04, 1.741789e+04
  0.50, 6.086010e-01, 1.817250e+04, 1.055549e+04
  0.50, 7.343078e-01, 1.370345e+04, 6.045648e+03
  0.50, 8.859748e-01, 9.672838e+03, 3.331342e+03
  0.50, 1.068977e+00, 6.654742e+03, 1.754765e+03
  0.50, 1.289769e+00, 4.293640e+03, 8.811099e+02
  0.50, 1.556163e+00, 2.647296e+03, 4.252602e+02
  0.50, 1.877581e+00, 1.588395e+03, 1.939283e+02
  0.50, 2.265379e+00, 8.639343e+02, 8.313301e+01
  0.50, 2.733338e+00, 4.138433e+02, 3.602951e+01
  0.50, 3.297891e+00, 2.044794e+02, 1.747421e+01
  0.50, 3.979081e+00, 1.240023e+02, 9.080620e+00
  0.50, 4.800937e+00, 8.281291e+01, 4.711986e+00
  0.50, 5.792571e+00, 5.698080e+01, 2.196169e+00
  0.50, 6.988963e+00, 3.451057e+01, 8.606859e-01
  0.50, 8.432578e+00, 1.645757e+01, 2.221902e-01
  0.50, 1.017431e+01, 4.043030e+00, 3.813661e-02
  0.50, 1.227566e+01, 1.088563e-01, 0.000000e+00
  0.60, 1.239842e-03, 6.582561e+07, 1.567869e+11
  0.60, 1.495928e-03, 8.854028e+07, 1.462278e+11
  0.60, 1.804909e-03, 1.192815e+08, 1.345101e+11
  0.60, 2.177708e-03, 1.609508e+08, 1.213526e+11
  0.60, 2.627509e-03, 2.173097e+08, 1.066945e+11
  0.60, 3.170215e-03, 2.860789e+08, 9.037359e+10
  0.60, 3.825015e-03, 3.574276e+08, 7.307812e+10
  0.60, 4.615062e-03, 4.169147e+08, 5.567770e+10
  0.60, 5.568292e-03, 4.463547e+08, 3.959645e+10
  0.60, 6.718410e-03, 4.302079e+08, 2.594778e+10
  0.60, 8.106081e-03, 3.652416e+08, 1.572835e+10
  0.60, 9.780373e-03, 2.810873e+08, 8.861025e+09
  0.60, 1.180049e-02, 1.969972e+08, 4.668391e+09
  0.60, 1.423785e-02, 1.277033e+08, 2.321541e+09
  0.60, 1.717864e-02, 7.806529e+07, 1.093668e+09
  0.60, 2.072685e-02, 4.520611e+07, 4.859928e+08
  0.60, 2.500793e-02, 2.463070e+07, 2.015807e+08
  0.60, 3.017326e-02, 1.233592e+07, 7.732416e+07
  0.60, 3.640548e-02, 5.417693e+06, 2.827053e+07
  0.60, 4.392494e-02, 2.168275e+06, 1.139043e+07
  0.60, 5.299752e-02, 1.038594e+06, 5.371890e+06
  0.60, 6.394402e-02, 5.641422e+05, 2.842604e+06
  0.60, 7.715152e-02, 3.570451e+05, 1.647008e+06
  0.60, 9.308696e-02, 2.406245e+05, 9.700577e+05
  0.60, 1.123139e-01, 1.819411e+05, 6.088322e+05
  0.60, 1.355121e-01, 1.585297e+05, 3.295007e+05
  0.60, 1.635018e-01, 7.936677e+04, 1.841884e+05
  0.60, 1.972725e-01, 4.653855e+04, 1.199924e+05
  0.60, 2.380187e-01, 3.402712e+04, 8.579959e+04
  0.60, 2.871813e-01, 3.132604e+04, 6.260996e+04
  0.60, 3.464978e-01, 2.983907e+04, 4.415359e+04
  0.60, 4.180661e-01, 2.701089e+04, 3.017985e+04
  0.60, 5.044171e-01, 2.449308e+04, 1.954971e+04
  0.60, 6.086010e-01, 2.035072e+04, 1.188704e+04
  0.60, 7.343078e-01, 1.539053e+04, 6.827571e+03
  0.60, 8.859748e-01, 1.089950e+04, 3.777039e+03
  0.60, 1.068977e+00, 7.520275e+03, 1.995594e+03
  0.60, 1.289769e+00, 4.844093e+03, 1.010730e+03
  0.60, 1.556163e+00, 3.031148e+03, 4.931319e+02
  0.60, 1.877581e+00, 1.834081e+03, 2.268956e+02
  0.60, 2.265379e+00, 1.008556e+03, 9.881271e+01
  0.60, 2.733338e+00, 4.953997e+02, 4.295709e+01
  0.60, 3.297891e+00, 2.406045e+02, 2.100197e+01
  0.60, 3.979081e+00, 1.479064e+02, 1.102245e+01
  0.60, 4.800937e+00, 9.846457e+01, 5.846119e+00
  0.60, 5.792571e+00, 6.955399e+01, 2.809989e+00
  0.60, 6.988963e+00, 4.382153e+01, 1.163994e+00
  0.60, 8.432578e+00, 2.279985e+01, 3.195661e-01
  0.60, 1.017431e+01, 6.078627e+00, 5.723998e-02
  0.60, 1.227566e+01, 1.508794e-01, 0.000000e+00
  0.80, 1.239842e-03, 6.604187e+07, 1.724996e+11
  0.80, 1.495928e-03, 8.882288e+07, 1.618859e+11
  0.80, 1.804909e-03, 1.196536e+08, 1.501517e+11
  0.80, 2.177708e-03, 1.614450e+08, 1.369331e+11
  0.80, 2.627509e-03, 2.181833e+08, 1.222456e+11
  0.80, 3.170215e-03, 2.934234e+08, 1.057116e+11
  0.80, 3.825015e-03, 3.792572e+08, 8.767119e+10
  0.80, 4.615062e-03, 4.609650e+08, 6.884453e+10
  0.80, 5.568292e-03, 5.174645e+08, 5.064348e+10
  0.80, 6.718410e-03, 5.254900e+08, 3.443248e+10
  0.80, 8.106081e-03, 4.684582e+08, 2.162863e+10
  0.80, 9.780373e-03, 3.756357e+08, 1.266527e+10
  0.80, 1.180049e-02, 2.766153e+08, 6.929263e+09
  0.80, 1.423785e-02, 1.867553e+08, 3.572038e+09
  0.80, 1.717864e-02, 1.185408e+08, 1.746454e+09
  0.80, 2.072685e-02, 7.148816e+07, 8.076781e+08
  0.80, 2.500793e-02, 4.074424e+07, 3.491229e+08
  0.80, 3.017326e-02, 2.158013e+07, 1.391619e+08
  0.80, 3.640548e-02, 1.020035e+07, 5.056266e+07
  0.80, 4.392494e-02, 4.084642e+06, 1.843337e+07
  0.80, 5.299752e-02, 1.675152e+06, 7.767653e+06
  0.80, 6.394402e-02, 8.079085e+05, 3.909378e+06
  0.80, 7.715152e-02, 5.082086e+05, 2.214014e+06
  0.80, 9.308696e-02, 3.299843e+05, 1.247639e+06
  0.80, 1.123139e-01, 2.240541e+05, 7.894150e+05
  0.80, 1.355121e-01, 2.121360e+05, 4.283709e+05
  0.80, 1.635018e-01, 1.092893e+05, 2.308145e+05
  0.80, 1.972725e-01, 6.088723e+04, 1.437349e+05
  0.80, 2.380187e-01, 4.085774e+04, 1.009662e+05
  0.80, 2.871813e-01, 3.659876e+04, 7.346640e+04
  0.80, 3.464978e-01, 3.435933e+04, 5.211101e+04
  0.80, 4.180661e-01, 3.140315e+04, 3.596366e+04
  0.80, 5.044171e-01, 2.895507e+04, 2.350677e+04
  0.80, 6.086010e-01, 2.437490e+04, 1.438490e+04
  0.80, 7.343078e-01, 1.856454e+04, 8.305110e+03
  0.80, 8.859748e-01, 1.320551e+04, 4.616030e+03
  0.80, 1.068977e+00, 9.148791e+03, 2.455643e+03
  0.80, 1.289769e+00, 5.941342e+03, 1.252170e+03
  0.80, 1.556163e+00, 3.740053e+03, 6.163429e+02
  0.80, 1.877581e+00, 2.285720e+03, 2.859912e+02
  0.80, 2.265379e+00, 1.267084e+03, 1.261509e+02
  0.80, 2.733338e+00, 6.328665e+02, 5.527936e+01
  0.80, 3.297891e+00, 3.057615e+02, 2.736866e+01
  0.80, 3.979081e+00, 1.910586e+02, 1.457213e+01
  0.80, 4.800937e+00, 1.270358e+02, 7.888723e+00
  0.80, 5.792571e+00, 9.156834e+01, 3.953194e+00
  0.80, 6.988963e+00, 6.070306e+01, 1.731515e+00
  0.80, 8.432578e+00, 3.397572e+01, 5.372619e-01
  0.80, 1.017431e+01, 1.154003e+01, 1.081764e-01
  0.80, 1.227566e+01, 2.221752e-01, 0.000000e+00
  1.00, 1.239842e-03, 6.371641e+07, 1.770490e+11
  1.00, 1.495928e-03, 8.567695e+07, 1.668349e+11
  1.00, 1.804909e-03, 1.153924e+08, 1.554928e+11
  1.00, 2.177708e-03, 1.556654e+08, 1.427709e+11
  1.00, 2.627509e-03, 2.103338e+08, 1.285858e+11
  1.00, 3.170215e-03, 2.846254e+08, 1.126371e+11
  1.00, 3.825015e-03, 3.772699e+08, 9.492569e+10
  1.00, 4.615062e-03, 4.730945e+08, 7.590932e+10
  1.00, 5.568292e-03, 5.496484e+08, 5.691076e+10
  1.00, 6.718410e-03, 5.770098e+08, 3.940583e+10
  1.00, 8.106081e-03, 5.281495e+08, 2.515348e+10
  1.00, 9.780373e-03, 4.321043e+08, 1.495379e+10
  1.00, 1.180049e-02, 3.244068e+08, 8.294310e+09
  1.00, 1.423785e-02, 2.223634e+08, 4.328754e+09
  1.00, 1.717864e-02, 1.429692e+08, 2.142909e+09
  1.00, 2.072685e-02, 8.744896e+07, 1.003665e+09
  1.00, 2.500793e-02, 5.059940e+07, 4.391287e+08
  1.00, 3.017326e-02, 2.723528e+07, 1.765636e+08
  1.00, 3.640548e-02, 1.306207e+07, 6.406253e+07
  1.00, 4.392494e-02, 5.250517e+06, 2.276421e+07
  1.00, 5.299752e-02, 2.073172e+06, 9.232747e+06
  1.00, 6.394402e-02, 9.561892e+05, 4.553678e+06
  1.00, 7.715152e-02, 5.949891e+05, 2.558123e+06
  1.00, 9.308696e-02, 3.790511e+05, 1.432218e+06
  1.00, 1.123139e-01, 2.514623e+05, 9.158903e+05
  1.00, 1.355121e-01, 2.477445e+05, 5.024189e+05
  1.00, 1.635018e-01, 1.336739e+05, 2.668976e+05
  1.00, 1.972725e-01, 7.316776e+04, 1.601034e+05
  1.00, 2.380187e-01, 4.472812e+04, 1.111126e+05
  1.00, 2.871813e-01, 3.954477e+04, 8.122571e+04
  1.00, 3.464978e-01, 3.709727e+04, 5.817691e+04
  1.00, 4.180661e-01, 3.435462e+04, 4.066085e+04
  1.00, 5.044171e-01, 3.238474e+04, 2.688513e+04
  1.00, 6.086010e-01, 2.774457e+04, 1.659152e+04
  1.00, 7.343078e-01, 2.133322e+04, 9.635827e+03
  1.00, 8.859748e-01, 1.526556e+04, 5.386645e+03
  1.00, 1.068977e+00, 1.066573e+04, 2.879451e+03
  1.00, 1.289769e+00, 6.964860e+03, 1.472320e+03
  1.00, 1.556163e+00, 4.391790e+03, 7.264569e+02
  1.00, 1.877581e+00, 2.702374e+03, 3.377375e+02
  1.00, 2.265379e+00, 1.510306e+03, 1.477789e+02
  1.00, 2.733338e+00, 7.455358e+02, 6.367815e+01
  1.00, 3.297891e+00, 3.510973e+02, 3.109568e+01
  1.00, 3.979081e+00, 2.144606e+02, 1.658146e+01
  1.00, 4.800937e+00, 1.428948e+02, 9.076193e+00
  1.00, 5.792571e+00, 1.042847e+02, 4.630051e+00
  1.00, 6.988963e+00, 7.028888e+01, 2.076809e+00
  1.00, 8.432578e+00, 4.067554e+01, 6.836278e-01
  1.00, 1.017431e+01, 1.546118e+01, 1.445892e-01
  1.00, 1.227566e+01, 2.526783e-01, 0.000000e+00
  1.25, 1.239842e-03, 5.907015e+07, 1.742984e+11
  1.25, 1.495928e-03, 7.941293e+07, 1.648317e+11
  1.25, 1.804909e-03, 1.069348e+08, 1.543183e+11
  1.25, 2.177708e-03, 1.442292e+08, 1.425315e+11
  1.25, 2.627509e-03, 1.948471e+08, 1.293882e+11
  1.25, 3.170215e-03, 2.636572e+08, 1.146160e+11
  1.25, 3.825015e-03, 3.560196e+08, 9.810056e+10
  1.25, 4.615062e-03, 4.613818e+08, 7.985184e+10
  1.25, 5.568292e-03, 5.557770e+08, 6.099984e+10
  1.25, 6.718410e-03, 6.046230e+08, 4.297442e+10
  1.25, 8.106081e-03, 5.679955e+08, 2.783706e+10
  1.25, 9.780373e-03, 4.738412e+08, 1.676743e+10
  1.25, 1.180049e-02, 3.619063e+08, 9.402995e+09
  1.25, 1.423785e-02, 2.510318e+08, 4.953728e+09
  1.25, 1.717864e-02, 1.629450e+08, 2.475834e+09
  1.25, 2.072685e-02, 1.007606e+08, 1.171304e+09
  1.25, 2.500793e-02, 5.902089e+07, 5.174128e+08
  1.25, 3.017326e-02, 3.220745e+07, 2.093870e+08
  1.25, 3.640548e-02, 1.560426e+07, 7.564493e+07
  1.25, 4.392494e-02, 6.235110e+06, 2.638912e+07
  1.25, 5.299752e-02, 2.411195e+06, 1.043376e+07
  1.25, 6.394402e-02, 1.079858e+06, 5.057865e+06
  1.25, 7.715152e-02, 6.665330e+05, 2.817725e+06
  1.25, 9.308696e-02, 4.151813e+05, 1.558912e+06
  1.25, 1.123139e-01, 2.674532e+05, 1.011374e+06
  1.25, 1.355121e-01, 2.784586e+05, 5.549909e+05
  1.25, 1.635018e-01, 1.500374e+05, 2.904634e+05
  1.25, 1.972725e-01, 8.089197e+04, 1.709838e+05
  1.25, 2.380187e-01, 4.701987e+04, 1.180095e+05
  1.25, 2.871813e-01, 4.107738e+04, 8.691098e+04
  1.25, 3.464978e-01, 3.869184e+04, 6.284712e+04
  1.25, 4.180661e-01, 3.610268e+04, 4.459830e+04
  1.25, 5.044171e-01, 3.510187e+04, 2.988338e+04
  1.25, 6.086010e-01, 3.066498e+04, 1.861840e+04
  1.25, 7.343078e-01, 2.385565e+04, 1.088063e+04
  1.25, 8.859748e-01, 1.717982e+04, 6.117979e+03
  1.25, 1.068977e+00, 1.211012e+04, 3.283776e+03
  1.25, 1.289769e+00, 7.921410e+03, 1.683727e+03
  1.25, 1.556163e+00, 5.027950e+03, 8.349599e+02
  1.25, 1.877581e+00, 3.126673e+03, 3.862424e+02
  1.25, 2.265379e+00, 1.733631e+03, 1.679528e+02
  1.25, 2.733338e+00, 8.616505e+02, 7.070049e+01
  1.25, 3.297891e+00, 3.878712e+02, 3.376519e+01
  1.25, 3.979081e+00, 2.310145e+02, 1.789313e+01
  1.25, 4.800937e+00, 1.516540e+02, 9.892072e+00
  1.25, 5.792571e+00, 1.126147e+02, 5.134588e+00
  1.25, 6.988963e+00, 7.792134e+01, 2.350136e+00
  1.25, 8.432578e+00, 4.639590e+01, 7.823057e-01
  1.25, 1.017431e+01, 1.774582e+01, 1.656759e-01
  1.25, 1.227566e+01, 2.535622e-01, 0.000000e+00
  1.50, 1.239842e-03, 5.322457e+07, 1.649819e+11
  1.50, 1.495928e-03, 7.154785e+07, 1.564057e+11
  1.50, 1.804909e-03, 9.633648e+07, 1.469807e+11
  1.50, 2.177708e-03, 1.299261e+08, 1.363157e+11
  1.50, 2.627509e-03, 1.755146e+08, 1.245229e+11
  1.50, 3.170215e-03, 2.374869e+08, 1.111699e+11
  1.50, 3.825015e-03, 3.218640e+08, 9.632127e+10
  1.50, 4.615062e-03, 4.286766e+08, 7.960150e+10
  1.50, 5.568292e-03, 5.334810e+08, 6.180419e+10
  1.50, 6.718410e-03, 5.992606e+08, 4.421999e+10
  1.50, 8.106081e-03, 5.766824e+08, 2.902476e+10
  1.50, 9.780373e-03, 4.897063e+08, 1.769315e+10
  1.50, 1.180049e-02, 3.800858e+08, 1.002110e+10
  1.50, 1.423785e-02, 2.665397e+08, 5.324060e+09
  1.50, 1.717864e-02, 1.744885e+08, 2.682776e+09
  1.50, 2.072685e-02, 1.088343e+08, 1.280860e+09
  1.50, 2.500793e-02, 6.449208e+07, 5.710861e+08
  1.50, 3.017326e-02, 3.564911e+07, 2.326522e+08
  1.50, 3.640548e-02, 1.745422e+07, 8.388926e+07
  1.50, 4.392494e-02, 6.952281e+06, 2.877178e+07
  1.50, 5.299752e-02, 2.634606e+06, 1.114631e+07
  1.50, 6.394402e-02, 1.161697e+06, 5.283191e+06
  1.50, 7.715152e-02, 6.951477e+05, 2.922815e+06
  1.50, 9.308696e-02, 4.279432e+05, 1.602702e+06
  1.50, 1.123139e-01, 2.659933e+05, 1.059742e+06
  1.50, 1.355121e-01, 2.962422e+05, 5.852411e+05
  1.50, 1.635018e-01, 1.612915e+05, 3.024829e+05
  1.50, 1.972725e-01, 8.594343e+04, 1.741857e+05
  1.50, 2.380187e-01, 4.743021e+04, 1.192024e+05
  1.50, 2.871813e-01, 4.082411e+04, 8.813389e+04
  1.50, 3.464978e-01, 3.835528e+04, 6.421373e+04
  1.50, 4.180661e-01, 3.597133e+04, 4.613925e+04
  1.50, 5.044171e-01, 3.579425e+04, 3.130353e+04
  1.50, 6.086010e-01, 3.194669e+04, 1.970357e+04
  1.50, 7.343078e-01, 2.519430e+04, 1.157354e+04
  1.50, 8.859748e-01, 1.821155e+04, 6.542064e+03
  1.50, 1.068977e+00, 1.294216e+04, 3.522329e+03
  1.50, 1.289769e+00, 8.480588e+03, 1.812926e+03
  1.50, 1.556163e+00, 5.412332e+03, 9.008006e+02
  1.50, 1.877581e+00, 3.379249e+03, 4.180504e+02
  1.50, 2.265379e+00, 1.901934e+03, 1.800073e+02
  1.50, 2.733338e+00, 9.289409e+02, 7.394879e+01
  1.50, 3.297891e+00, 4.045271e+02, 3.468961e+01
  1.50, 3.979081e+00, 2.364179e+02, 1.825129e+01
  1.50, 4.800937e+00, 1.525500e+02, 1.014872e+01
  1.50, 5.792571e+00, 1.144659e+02, 5.341029e+00
  1.50, 6.988963e+00, 8.084126e+01, 2.488952e+00
  1.50, 8.432578e+00, 4.941281e+01, 8.417585e-01
  1.50, 1.017431e+01, 1.925506e+01, 1.794880e-01
  1.50, 1.227566e+01, 2.387427e-01, 0.000000e+00
  2.00, 1.239842e-03, 3.972270e+07, 1.329584e+11
  2.00, 1.495928e-03, 5.339963e+07, 1.265925e+11
  2.00, 1.804909e-03, 7.190515e+07, 1.195231e+11
  2.00, 2.177708e-03, 9.698514e+07, 1.115974e+11
  2.00, 2.627509e-03, 1.310300e+08, 1.027591e+11
  2.00, 3.170215e-03, 1.773190e+08, 9.282467e+10
  2.00, 3.825015e-03, 2.403554e+08, 8.170221e+10
  2.00, 4.615062e-03, 3.263333e+08, 6.916688e+10
  2.00, 5.568292e-03, 4.309105e+08, 5.522348e+10
  2.00, 6.718410e-03, 5.133924e+08, 4.058482e+10
  2.00, 8.106081e-03, 5.155422e+08, 2.726875e+10
  2.00, 9.780373e-03, 4.521666e+08, 1.698641e+10
  2.00, 1.180049e-02, 3.617082e+08, 9.795547e+09
  2.00, 1.423785e-02, 2.588662e+08, 5.281171e+09
  2.00, 1.717864e-02, 1.719747e+08, 2.698783e+09
  2.00, 2.072685e-02, 1.087854e+08, 1.308485e+09
  2.00, 2.500793e-02, 6.561198e+07, 5.940398e+08
  2.00, 3.017326e-02, 3.724065e+07, 2.459127e+08
  2.00, 3.640548e-02, 1.868102e+07, 8.872578e+07
  2.00, 4.392494e-02, 7.439251e+06, 2.960068e+07
  2.00, 5.299752e-02, 2.699513e+06, 1.102160e+07
  2.00, 6.394402e-02, 1.156800e+06, 5.116396e+06
  2.00, 7.715152e-02, 6.983059e+05, 2.738065e+06
  2.00, 9.308696e-02, 3.885478e+05, 1.456940e+06
  2.00, 1.123139e-01, 2.239106e+05, 1.001832e+06
  2.00, 1.355121e-01, 2.864737e+05, 5.642816e+05
  2.00, 1.635018e-01, 1.612771e+05, 2.860759e+05
  2.00, 1.972725e-01, 8.378260e+04, 1.584456e+05
  2.00, 2.380187e-01, 4.249282e+04, 1.068415e+05
  2.00, 2.871813e-01, 3.606011e+04, 7.931076e+04
  2.00, 3.464978e-01, 3.325293e+04, 5.822579e+04
  2.00, 4.180661e-01, 3.083686e+04, 4.280958e+04
  2.00, 5.044171e-01, 3.239546e+04, 2.973363e+04
  2.00, 6.086010e-01, 3.005258e+04, 1.902423e+04
  2.00, 7.343078e-01, 2.418545e+04, 1.129047e+04
  2.00, 8.859748e-01, 1.766573e+04, 6.440020e+03
  2.00, 1.068977e+00, 1.273257e+04, 3.491756e+03
  2.00, 1.289769e+00, 8.377317e+03, 1.803540e+03
  2.00, 1.556163e+00, 5.355502e+03, 9.048305e+02
  2.00, 1.877581e+00, 3.422595e+03, 4.213731e+02
  2.00, 2.265379e+00, 1.943208e+03, 1.794029e+02
  2.00, 2.733338e+00, 9.425467e+02, 7.095361e+01
  2.00, 3.297891e+00, 3.875538e+02, 3.202059e+01
  2.00, 3.979081e+00, 2.174129e+02, 1.653201e+01
  2.00, 4.800937e+00, 1.348742e+02, 9.228004e+00
  2.00, 5.792571e+00, 1.017179e+02, 4.980145e+00
  2.00, 6.988963e+00, 7.484066e+01, 2.403360e+00
  2.00, 8.432578e+00, 4.812454e+01, 8.431129e-01
  2.00, 1.017431e+01, 1.971857e+01, 1.830322e-01
  2.00, 1.227566e+01, 1.429722e-01, 0.000000e+00
  2.50, 1.239842e-03, 2.628191e+07, 9.339110e+10
  2.50, 1.495928e-03, 3.533761e+07, 8.914420e+10
  2.50, 1.804909e-03, 4.759326e+07, 8.450010e+10
  2.50, 2.177708e-03, 6.420813e+07, 7.921892e+10
  2.50, 2.627509e-03, 8.676940e+07, 7.340147e+10
  2.50, 3.170215e-03, 1.174546e+08, 6.678729e+10
  2.50, 3.825015e-03, 1.592559e+08, 5.945340e+10
  2.50, 4.615062e-03, 2.162903e+08, 5.111176e+10
  2.50, 5.568292e-03, 2.940765e+08, 4.180913e+10
  2.50, 6.718410e-03, 3.733008e+08, 3.147920e+10
  2.50, 8.106081e-03, 3.895024e+08, 2.158588e+10
  2.50, 9.780373e-03, 3.512630e+08, 1.372423e+10
  2.50, 1.180049e-02, 2.897948e+08, 8.050105e+09
  2.50, 1.423785e-02, 2.114775e+08, 4.398682e+09
  2.50, 1.717864e-02, 1.424557e+08, 2.275562e+09
  2.50, 2.072685e-02, 9.117580e+07, 1.117675e+09
  2.50, 2.500793e-02, 5.568000e+07, 5.159223e+08
  2.50, 3.017326e-02, 3.235890e+07, 2.178309e+08
  2.50, 3.640548e-02, 1.675403e+07, 7.928248e+07
  2.50, 4.392494e-02, 6.747559e+06, 2.588197e+07
  2.50, 5.299752e-02, 2.351837e+06, 9.244033e+06
  2.50, 6.394402e-02, 9.546729e+05, 4.223461e+06
  2.50, 7.715152e-02, 6.030784e+05, 2.239693e+06
  2.50, 9.308696e-02, 3.269230e+05, 1.112285e+06
  2.50, 1.123139e-01, 1.444372e+05, 7.907337e+05
  2.50, 1.355121e-01, 2.287407e+05, 4.648739e+05
  2.50, 1.635018e-01, 1.388897e+05, 2.344933e+05
  2.50, 1.972725e-01, 7.159948e+04, 1.238468e+05
  2.50, 2.380187e-01, 3.245919e+04, 8.192806e+04
  2.50, 2.871813e-01, 2.750570e+04, 6.099512e+04
  2.50, 3.464978e-01, 2.516715e+04, 4.486863e+04
  2.50, 4.180661e-01, 2.253431e+04, 3.344334e+04
  2.50, 5.044171e-01, 2.439108e+04, 2.380201e+04
  2.50, 6.086010e-01, 2.390181e+04, 1.550616e+04
  2.50, 7.343078e-01, 1.961516e+04, 9.271687e+03
  2.50, 8.859748e-01, 1.437709e+04, 5.344981e+03
  2.50, 1.068977e+00, 1.058256e+04, 2.917668e+03
  2.50, 1.289769e+00, 6.982349e+03, 1.512052e+03
  2.50, 1.556163e+00, 4.460807e+03, 7.633725e+02
  2.50, 1.877581e+00, 2.886060e+03, 3.593953e+02
  2.50, 2.265379e+00, 1.684047e+03, 1.526271e+02
  2.50, 2.733338e+00, 8.148732e+02, 5.842446e+01
  2.50, 3.297891e+00, 3.199660e+02, 2.538282e+01
  2.50, 3.979081e+00, 1.724842e+02, 1.276370e+01
  2.50, 4.800937e+00, 1.019181e+02, 7.129385e+00
  2.50, 5.792571e+00, 7.684129e+01, 3.905833e+00
  2.50, 6.988963e+00, 5.747129e+01, 1.965060e+00
  2.50, 8.432578e+00, 3.988252e+01, 7.209320e-01
  2.50, 1.017431e+01, 1.723542e+01, 1.602609e-01
  2.50, 1.227566e+01, 1.612913e-01, 0.000000e+00
  3.00, 1.239842e-03, 1.482352e+07, 5.539200e+10
  3.00, 1.495928e-03, 1.993439e+07, 5.297636e+10
  3.00, 1.804909e-03, 2.685449e+07, 5.037637e+10
  3.00, 2.177708e-03, 3.623855e+07, 4.737596e+10
  3.00, 2.627509e-03, 4.898521e+07, 4.411231e+10
  3.00, 3.170215e-03, 6.632764e+07, 4.035765e+10
  3.00, 3.825015e-03, 8.996116e+07, 3.623560e+10
  3.00, 4.615062e-03, 1.222186e+08, 3.150266e+10
  3.00, 5.568292e-03, 1.663152e+08, 2.626428e+10
  3.00, 6.718410e-03, 2.237290e+08, 2.028341e+10
  3.00, 8.106081e-03, 2.450322e+08, 1.416608e+10
  3.00, 9.780373e-03, 2.252297e+08, 9.190218e+09
  3.00, 1.180049e-02, 1.922283e+08, 5.489356e+09
  3.00, 1.423785e-02, 1.434172e+08, 3.040282e+09
  3.00, 1.717864e-02, 9.791535e+07, 1.591301e+09
  3.00, 2.072685e-02, 6.344645e+07, 7.912960e+08
  3.00, 2.500793e-02, 3.913414e+07, 3.702780e+08
  3.00, 3.017326e-02, 2.308511e+07, 1.600595e+08
  3.00, 3.640548e-02, 1.246447e+07, 5.936799e+07
  3.00, 4.392494e-02, 5.141210e+06, 1.913406e+07
  3.00, 5.299752e-02, 1.755270e+06, 6.564009e+06
  3.00, 6.394402e-02, 6.582040e+05, 2.872651e+06
  3.00, 7.715152e-02, 4.138375e+05, 1.578427e+06
  3.00, 9.308696e-02, 2.514214e+05, 7.164914e+05
  3.00, 1.123139e-01, 6.574965e+04, 5.298910e+05
  3.00, 1.355121e-01, 1.568938e+05, 3.284250e+05
  3.00, 1.635018e-01, 1.026803e+05, 1.640937e+05
  3.00, 1.972725e-01, 5.279923e+04, 8.198873e+04
  3.00, 2.380187e-01, 2.113066e+04, 5.222668e+04
  3.00, 2.871813e-01, 1.717452e+04, 3.926884e+04
  3.00, 3.464978e-01, 1.635986e+04, 2.874325e+04
  3.00, 4.180661e-01, 1.363987e+04, 2.166359e+04
  3.00, 5.044171e-01, 1.516204e+04, 1.573889e+04
  3.00, 6.086010e-01, 1.557919e+04, 1.049435e+04
  3.00, 7.343078e-01, 1.330222e+04, 6.315284e+03
  3.00, 8.859748e-01, 9.646039e+03, 3.675588e+03
  3.00, 1.068977e+00, 7.281754e+03, 2.029457e+03
  3.00, 1.289769e+00, 4.858728e+03, 1.052983e+03
  3.00, 1.556163e+00, 3.074664e+03, 5.363687e+02
  3.00, 1.877581e+00, 2.022352e+03, 2.551622e+02
  3.00, 2.265379e+00, 1.204047e+03, 1.097956e+02
  3.00, 2.733338e+00, 6.028492e+02, 4.088286e+01
  3.00, 3.297891e+00, 2.226212e+02, 1.708245e+01
  3.00, 3.979081e+00, 1.176264e+02, 8.329418e+00
  3.00, 4.800937e+00, 6.499811e+01, 4.609297e+00
  3.00, 5.792571e+00, 4.879016e+01, 2.562725e+00
  3.00, 6.988963e+00, 3.663350e+01, 1.325228e+00
  3.00, 8.432578e+00, 2.666938e+01, 5.253929e-01
  3.00, 1.017431e+01, 1.327481e+01, 1.236976e-01
  3.00, 1.227566e+01, 1.587371e-01, 0.000000e+00
  3.90, 1.239842e-03, 1.029192e+06, 4.158097e+09
  3.90, 1.495928e-03, 1.383702e+06, 4.009577e+09
  3.90, 1.804909e-03, 1.865103e+06, 3.809899e+09
  3.90, 2.177708e-03, 2.517598e+06, 3.620628e+09
  3.90, 2.627509e-03, 3.403978e+06, 3.374716e+09
  3.90, 3.170215e-03, 4.610422e+06, 3.132918e+09
  3.90, 3.825015e-03, 6.255373e+06, 2.827194e+09
  3.90, 4.615062e-03, 8.501634e+06, 2.517181e+09
  3.90, 5.568292e-03, 1.157370e+07, 2.133567e+09
  3.90, 6.718410e-03, 1.578166e+07, 1.734512e+09
  3.90, 8.106081e-03, 2.011038e+07, 1.260127e+09
  3.90, 9.780373e-03, 1.911936e+07, 8.440461e+08
  3.90, 1.180049e-02, 1.708891e+07, 5.248131e+08
  3.90, 1.423785e-02, 1.357210e+07, 2.994880e+08
  3.90, 1.717864e-02, 9.543458e+06, 1.607619e+08
  3.90, 2.072685e-02, 6.349874e+06, 8.157211e+07
  3.90, 2.500793e-02, 3.989691e+06, 3.930940e+07
  3.90, 3.017326e-02, 2.416027e+06, 1.744605e+07
  3.90, 3.640548e-02, 1.340515e+06, 6.973697e+06
  3.90, 4.392494e-02, 6.524017e+05, 2.286574e+06
  3.90, 5.299752e-02, 2.111941e+05, 7.013252e+05
  3.90, 6.394402e-02, 6.926374e+04, 2.915448e+05
  3.90, 7.715152e-02, 3.866327e+04, 1.493716e+05
  3.90, 9.308696e-02, 2.467449e+04, 8.170072e+04
  3.90, 1.123139e-01, 8.017281e+03, 4.717887e+04
  3.90, 1.355121e-01, 4.383439e+03, 4.521531e+04
  3.90, 1.635018e-01, 1.973869e+04, 2.705716e+04
  3.90, 1.972725e-01, 1.137787e+04, 9.357554e+03
  3.90, 2.380187e-01, 2.018813e+03, 4.531288e+03
  3.90, 2.871813e-01, 1.488102e+03, 3.300023e+03
  3.90, 3.464978e-01, 1.319735e+03, 2.464789e+03
  3.90, 4.180661e-01, 1.175495e+03, 1.846198e+03
  3.90, 5.044171e-01, 1.099749e+03, 1.386026e+03
  3.90, 6.086010e-01, 1.292279e+03, 9.915024e+02
  3.90, 7.343078e-01, 1.292665e+03, 6.078104e+02
  3.90, 8.859748e-01, 8.989285e+02, 3.543885e+02
  3.90, 1.068977e+00, 6.882389e+02, 2.033252e+02
  3.90, 1.289769e+00, 4.933660e+02, 1.057572e+02
  3.90, 1.556163e+00, 2.996339e+02, 5.521516e+01
  3.90, 1.877581e+00, 2.052654e+02, 2.677058e+01
  3.90, 2.265379e+00, 1.249278e+02, 1.234388e+01
  3.90, 2.733338e+00, 7.346196e+01, 4.440000e+00
  3.90, 3.297891e+00, 2.335270e+01, 1.719934e+00
  3.90, 3.979081e+00, 1.250004e+01, 7.885533e-01
  3.90, 4.800937e+00, 5.997586e+00, 4.120732e-01
  3.90, 5.792571e+00, 4.190708e+00, 2.339119e-01
  3.90, 6.988963e+00, 3.238757e+00, 1.237637e-01
  3.90, 8.432578e+00, 2.399634e+00, 5.480862e-02
  3.90, 1.017431e+01, 1.485430e+00, 1.437756e-02
  3.90, 1.227566e+01, 8.785078e-02, 0.000000e+00
