# size in redshift 18 - size in energy 50
# z - eps [eV] - n [1/eV/m3] - I_gamma [1/eV2/m3]
  0.00, 1.239842e-03, 7.112899e+07, 1.074129e+11
  0.00, 1.495928e-03, 9.538275e+07, 9.606467e+10
  0.00, 1.804909e-03, 1.269206e+08, 8.345841e+10
  0.00, 2.177708e-03, 1.625081e+08, 6.979890e+10
  0.00, 2.627509e-03, 1.968840e+08, 5.568542e+10
  0.00, 3.170215e-03, 2.225385e+08, 4.197570e+10
  0.00, 3.825015e-03, 2.317796e+08, 2.962928e+10
  0.00, 4.615062e-03, 2.192722e+08, 1.943838e+10
  0.00, 5.568292e-03, 1.878719e+08, 1.183031e+10
  0.00, 6.718410e-03, 1.462493e+08, 6.655529e+09
  0.00, 8.106081e-03, 1.028299e+08, 3.474923e+09
  0.00, 9.780373e-03, 6.636586e+07, 1.692564e+09
  0.00, 1.180049e-02, 3.958871e+07, 7.722091e+08
  0.00, 1.423785e-02, 2.195363e+07, 3.314770e+08
  0.00, 1.717864e-02, 1.137057e+07, 1.347897e+08
  0.00, 2.072685e-02, 5.475168e+06, 5.273107e+07
  0.00, 2.500793e-02, 2.442780e+06, 2.111702e+07
  0.00, 3.017326e-02, 1.123349e+06, 9.413586e+06
  0.00, 3.640548e-02, 5.961217e+05, 4.658042e+06
  0.00, 4.392494e-02, 3.455079e+05, 2.491766e+06
  0.00, 5.299752e-02, 2.141925e+05, 1.411022e+06
  0.00, 6.394402e-02, 1.414731e+05, 8.491817e+05
  0.00, 7.715152e-02, 1.113803e+05, 5.138262e+05
  0.00, 9.308696e-02, 8.325336e+04, 2.933127e+05
  0.00, 1.123139e-01, 5.305250e+04, 1.700033e+05
  0.00, 1.355121e-01, 3.420790e+04, 1.032816e+05
  0.00, 1.635018e-01, 2.128755e+04, 6.909351e+04
  0.00, 1.972725e-01, 1.654295e+04, 4.963882e+04
  0.00, 2.380187e-01, 1.496362e+04, 3.601607e+04
  0.00, 2.871813e-01, 1.410082e+04, 2.557823e+04
  0.00, 3.464978e-01, 1.294161e+04, 1.745123e+04
  0.00, 4.180661e-01, 1.133015e+04, 1.145839e+04
  0.00, 5.044171e-01, 9.639226e+03, 7.132715e+03
  0.00, 6.086010e-01, 7.567043e+03, 4.199914e+03
  0.00, 7.343078e-01, 5.519091e+03, 2.353577e+03
  0.00, 8.859748e-01, 3.823208e+03, 1.269990e+03
  0.00, 1.068977e+00, 2.565474e+03, 6.526326e+02
  0.00, 1.289769e+00, 1.613212e+03, 3.207826e+02
  0.00, 1.556163e+00, 9.727629e+02, 1.501755e+02
  0.00, 1.877581e+00, 5.482930e+02, 6.773093e+01
  0.00, 2.265379e+00, 2.974681e+02, 2.972744e+01
  0.00, 2.733338e+00, 1.498984e+02, 1.314796e+01
  0.00, 3.297891e+00, 7.722344e+01, 6.312325e+00
  0.00, 3.979081e+00, 4.807657e+01, 3.097257e+00
  0.00, 4.800937e+00, 3.018728e+01, 1.428343e+00
  0.00, 5.792571e+00, 1.743841e+01, 5.785012e-01
  0.00, 6.988963e+00, 8.599191e+00, 2.041222e-01
  0.00, 8.432578e+00, 3.699731e+00, 5.460419e-02
  0.00, 1.017431e+01, 1.089029e+00, 1.056916e-02
  0.00, 1.227566e+01, 6.811882e-02, 0.000000e+00
  0.01, 1.239842e-03, 6.931807e+07, 1.057809e+11
  0.01, 1.495928e-03, 9.294798e+07, 9.472127e+10
  0.01, 1.804909e-03, 1.238336e+08, 8.243233e+10
  0.01, 2.177708e-03, 1.589542e+08, 6.908768e+10
  0.01, 2.627509e-03, 1.931943e+08, 5.526284e+10
  0.01, 3.170215e-03, 2.192466e+08, 4.178317e+10
  0.01, 3.825015e-03, 2.294015e+08, 2.959345e+10
  0.01, 4.615062e-03, 2.181231e+08, 1.948207e+10
  0.01, 5.568292e-03, 1.877724e+08, 1.189685e+10
  0.01, 6.718410e-03, 1.468158e+08, 6.713998e+09
  0.01, 8.106081e-03, 1.036123e+08, 3.515434e+09
  0.01, 9.780373e-03, 6.708081e+07, 1.717020e+09
  0.01, 1.180049e-02, 4.013573e+07, 7.854769e+08
  0.01, 1.423785e-02, 2.232042e+07, 3.381397e+08
  0.01, 1.717864e-02, 1.160345e+07, 1.378585e+08
  0.01, 2.072685e-02, 5.611093e+06, 5.397717e+07
  0.01, 2.500793e-02, 2.508797e+06, 2.153031e+07
  0.01, 3.017326e-02, 1.144189e+06, 9.545133e+06
  0.01, 3.640548e-02, 6.046911e+05, 4.718472e+06
  0.01, 4.392494e-02, 3.504399e+05, 2.514131e+06
  0.01, 5.299752e-02, 2.171194e+05, 1.425154e+06
  0.01, 6.394402e-02, 1.444951e+05, 8.477347e+05
  0.01, 7.715152e-02, 1.107621e+05, 5.131717e+05
  0.01, 9.308696e-02, 8.346504e+04, 2.907717e+05
  0.01, 1.123139e-01, 5.159711e+04, 1.700922e+05
  0.01, 1.355121e-01, 3.459083e+04, 1.036655e+05
  0.01, 1.635018e-01, 2.151571e+04, 6.919859e+04
  0.01, 1.972725e-01, 1.671157e+04, 4.944304e+04
  0.01, 2.380187e-01, 1.484267e+04, 3.585163e+04
  0.01, 2.871813e-01, 1.404565e+04, 2.546820e+04
  0.01, 3.464978e-01, 1.288201e+04, 1.737746e+04
  0.01, 4.180661e-01, 1.125785e+04, 1.141427e+04
  0.01, 5.044171e-01, 9.590437e+03, 7.119057e+03
  0.01, 6.086010e-01, 7.546654e+03, 4.192930e+03
  0.01, 7.343078e-01, 5.500912e+03, 2.355909e+03
  0.01, 8.859748e-01, 3.829683e+03, 1.270844e+03
  0.01, 1.068977e+00, 2.561763e+03, 6.549019e+02
  0.01, 1.289769e+00, 1.619333e+03, 3.217510e+02
  0.01, 1.556163e+00, 9.721691e+02, 1.514977e+02
  0.01, 1.877581e+00, 5.570319e+02, 6.820652e+01
  0.01, 2.265379e+00, 2.981073e+02, 2.989075e+01
  0.01, 2.733338e+00, 1.509649e+02, 1.323720e+01
  0.01, 3.297891e+00, 7.772864e+01, 6.350694e+00
  0.01, 3.979081e+00, 4.817125e+01, 3.122240e+00
  0.01, 4.800937e+00, 3.050634e+01, 1.447008e+00
  0.01, 5.792571e+00, 1.777302e+01, 5.817413e-01
  0.01, 6.988963e+00, 8.584517e+00, 2.042976e-01
  0.01, 8.432578e+00, 3.709408e+00, 5.468303e-02
  0.01, 1.017431e+01, 1.088609e+00, 1.059129e-02
  0.01, 1.227566e+01, 7.151960e-02, 0.000000e+00
  0.03, 1.239842e-03, 6.587897e+07, 1.026062e+11
  0.03, 1.495928e-03, 8.832479e+07, 9.209306e+10
  0.03, 1.804909e-03, 1.179230e+08, 8.040991e+10
  0.03, 2.177708e-03, 1.520899e+08, 6.767001e+10
  0.03, 2.627509e-03, 1.860314e+08, 5.440512e+10
  0.03, 3.170215e-03, 2.127386e+08, 4.137375e+10
  0.03, 3.825015e-03, 2.245583e+08, 2.949953e+10
  0.03, 4.615062e-03, 2.157216e+08, 1.955069e+10
  0.03, 5.568292e-03, 1.873961e+08, 1.201668e+10
  0.03, 6.718410e-03, 1.477836e+08, 6.823090e+09
  0.03, 8.106081e-03, 1.050552e+08, 3.592286e+09
  0.03, 9.780373e-03, 6.842662e+07, 1.763921e+09
  0.03, 1.180049e-02, 4.118458e+07, 8.111773e+08
  0.03, 1.423785e-02, 2.303487e+07, 3.510366e+08
  0.03, 1.717864e-02, 1.204893e+07, 1.438102e+08
  0.03, 2.072685e-02, 5.870203e+06, 5.645882e+07
  0.03, 2.500793e-02, 2.641119e+06, 2.239819e+07
  0.03, 3.017326e-02, 1.194158e+06, 9.816050e+06
  0.03, 3.640548e-02, 6.222552e+05, 4.810388e+06
  0.03, 4.392494e-02, 3.598229e+05, 2.547243e+06
  0.03, 5.299752e-02, 2.200128e+05, 1.429978e+06
  0.03, 6.394402e-02, 1.419204e+05, 8.563292e+05
  0.03, 7.715152e-02, 1.107846e+05, 5.246402e+05
  0.03, 9.308696e-02, 8.579674e+04, 3.002455e+05
  0.03, 1.123139e-01, 5.505815e+04, 1.733427e+05
  0.03, 1.355121e-01, 3.606471e+04, 1.031762e+05
  0.03, 1.635018e-01, 2.128273e+04, 6.788671e+04
  0.03, 1.972725e-01, 1.607926e+04, 4.883027e+04
  0.03, 2.380187e-01, 1.481114e+04, 3.543966e+04
  0.03, 2.871813e-01, 1.385203e+04, 2.513140e+04
  0.03, 3.464978e-01, 1.260761e+04, 1.719214e+04
  0.03, 4.180661e-01, 1.109989e+04, 1.134157e+04
  0.03, 5.044171e-01, 9.510113e+03, 7.087860e+03
  0.03, 6.086010e-01, 7.492928e+03, 4.189268e+03
  0.03, 7.343078e-01, 5.497552e+03, 2.357065e+03
  0.03, 8.859748e-01, 3.823468e+03, 1.274291e+03
  0.03, 1.068977e+00, 2.568678e+03, 6.576956e+02
  0.03, 1.289769e+00, 1.620236e+03, 3.239743e+02
  0.03, 1.556163e+00, 9.807064e+02, 1.533679e+02
  0.03, 1.877581e+00, 5.691429e+02, 6.860883e+01
  0.03, 2.265379e+00, 2.983030e+02, 2.979736e+01
  0.03, 2.733338e+00, 1.491500e+02, 1.325577e+01
  0.03, 3.297891e+00, 7.797641e+01, 6.413435e+00
  0.03, 3.979081e+00, 4.848795e+01, 3.158578e+00
  0.03, 4.800937e+00, 3.061687e+01, 1.483680e+00
  0.03, 5.792571e+00, 1.835053e+01, 6.010946e-01
  0.03, 6.988963e+00, 8.892143e+00, 2.118144e-01
  0.03, 8.432578e+00, 3.878240e+00, 5.552425e-02
  0.03, 1.017431e+01, 1.071554e+00, 1.044549e-02
  0.03, 1.227566e+01, 7.303161e-02, 0.000000e+00
  0.05, 1.239842e-03, 6.266240e+07, 9.954198e+10
  0.05, 1.495928e-03, 8.400141e+07, 8.953927e+10
  0.05, 1.804909e-03, 1.123374e+08, 7.842526e+10
  0.05, 2.177708e-03, 1.455423e+08, 6.626004e+10
  0.05, 2.627509e-03, 1.791022e+08, 5.353193e+10
  0.05, 3.170215e-03, 2.063339e+08, 4.093863e+10
  0.05, 3.825015e-03, 2.196510e+08, 2.937748e+10
  0.05, 4.615062e-03, 2.131129e+08, 1.959858e+10
  0.05, 5.568292e-03, 1.868093e+08, 1.212303e+10
  0.05, 6.718410e-03, 1.485530e+08, 6.925568e+09
  0.05, 8.106081e-03, 1.063889e+08, 3.666261e+09
  0.05, 9.780373e-03, 6.970645e+07, 1.809850e+09
  0.05, 1.180049e-02, 4.219945e+07, 8.367116e+08
  0.05, 1.423785e-02, 2.374095e+07, 3.641415e+08
  0.05, 1.717864e-02, 1.250251e+07, 1.498941e+08
  0.05, 2.072685e-02, 6.135539e+06, 5.904855e+07
  0.05, 2.500793e-02, 2.784422e+06, 2.326606e+07
  0.05, 3.017326e-02, 1.242811e+06, 1.006906e+07
  0.05, 3.640548e-02, 6.394664e+05, 4.886350e+06
  0.05, 4.392494e-02, 3.664782e+05, 2.571495e+06
  0.05, 5.299752e-02, 2.234760e+05, 1.434329e+06
  0.05, 6.394402e-02, 1.424424e+05, 8.542280e+05
  0.05, 7.715152e-02, 1.099025e+05, 5.235730e+05
  0.05, 9.308696e-02, 8.599702e+04, 3.003610e+05
  0.05, 1.123139e-01, 5.578184e+04, 1.720492e+05
  0.05, 1.355121e-01, 3.560541e+04, 1.017560e+05
  0.05, 1.635018e-01, 2.113069e+04, 6.709669e+04
  0.05, 1.972725e-01, 1.612981e+04, 4.783900e+04
  0.05, 2.380187e-01, 1.422609e+04, 3.479753e+04
  0.05, 2.871813e-01, 1.354639e+04, 2.480606e+04
  0.05, 3.464978e-01, 1.241947e+04, 1.700427e+04
  0.05, 4.180661e-01, 1.093699e+04, 1.124315e+04
  0.05, 5.044171e-01, 9.413661e+03, 7.043488e+03
  0.05, 6.086010e-01, 7.437435e+03, 4.168822e+03
  0.05, 7.343078e-01, 5.457819e+03, 2.350875e+03
  0.05, 8.859748e-01, 3.807740e+03, 1.274209e+03
  0.05, 1.068977e+00, 2.569047e+03, 6.593144e+02
  0.05, 1.289769e+00, 1.623839e+03, 3.247421e+02
  0.05, 1.556163e+00, 9.796580e+02, 1.543081e+02
  0.05, 1.877581e+00, 5.742773e+02, 6.919931e+01
  0.05, 2.265379e+00, 3.008160e+02, 3.002572e+01
  0.05, 2.733338e+00, 1.505032e+02, 1.336640e+01
  0.05, 3.297891e+00, 7.865532e+01, 6.435527e+00
  0.05, 3.979081e+00, 4.817311e+01, 3.191635e+00
  0.05, 4.800937e+00, 3.099946e+01, 1.507707e+00
  0.05, 5.792571e+00, 1.847815e+01, 6.177747e-01
  0.05, 6.988963e+00, 9.218970e+00, 2.224123e-01
  0.05, 8.432578e+00, 4.143892e+00, 5.714643e-02
  0.05, 1.017431e+01, 1.057235e+00, 1.031748e-02
  0.05, 1.227566e+01, 7.356860e-02, 0.000000e+00
  0.10, 1.239842e-03, 5.550787e+07, 9.239961e+10
  0.10, 1.495928e-03, 7.438756e+07, 8.353221e+10
  0.10, 1.804909e-03, 9.972910e+07, 7.369019e+10
  0.10, 2.177708e-03, 1.305338e+08, 6.283540e+10
  0.10, 2.627509e-03, 1.629064e+08, 5.134524e+10
  0.10, 3.170215e-03, 1.909755e+08, 3.979169e+10
  0.10, 3.825015e-03, 2.074231e+08, 2.898950e+10
  0.10, 4.615062e-03, 2.060027e+08, 1.965161e+10
  0.10, 5.568292e-03, 1.846851e+08, 1.234472e+10
  0.10, 6.718410e-03, 1.498528e+08, 7.158422e+09
  0.10, 8.106081e-03, 1.093412e+08, 3.840598e+09
  0.10, 9.780373e-03, 7.266934e+07, 1.920455e+09
  0.10, 1.180049e-02, 4.462776e+07, 8.995320e+08
  0.10, 1.423785e-02, 2.546882e+07, 3.966729e+08
  0.10, 1.717864e-02, 1.361333e+07, 1.654061e+08
  0.10, 2.072685e-02, 6.807188e+06, 6.576785e+07
  0.10, 2.500793e-02, 3.150838e+06, 2.570127e+07
  0.10, 3.017326e-02, 1.390097e+06, 1.078657e+07
  0.10, 3.640548e-02, 6.860943e+05, 5.102311e+06
  0.10, 4.392494e-02, 3.847150e+05, 2.636858e+06
  0.10, 5.299752e-02, 2.317560e+05, 1.456409e+06
  0.10, 6.394402e-02, 1.453376e+05, 8.516594e+05
  0.10, 7.715152e-02, 1.082022e+05, 5.259192e+05
  0.10, 9.308696e-02, 8.649308e+04, 3.001423e+05
  0.10, 1.123139e-01, 5.538506e+04, 1.746617e+05
  0.10, 1.355121e-01, 3.873872e+04, 1.006410e+05
  0.10, 1.635018e-01, 2.102214e+04, 6.418322e+04
  0.10, 1.972725e-01, 1.512369e+04, 4.576226e+04
  0.10, 2.380187e-01, 1.357377e+04, 3.337398e+04
  0.10, 2.871813e-01, 1.283045e+04, 2.389069e+04
  0.10, 3.464978e-01, 1.185322e+04, 1.647866e+04
  0.10, 4.180661e-01, 1.053160e+04, 1.095363e+04
  0.10, 5.044171e-01, 9.110333e+03, 6.900554e+03
  0.10, 6.086010e-01, 7.262974e+03, 4.108475e+03
  0.10, 7.343078e-01, 5.374552e+03, 2.324438e+03
  0.10, 8.859748e-01, 3.755500e+03, 1.263883e+03
  0.10, 1.068977e+00, 2.537383e+03, 6.565907e+02
  0.10, 1.289769e+00, 1.614257e+03, 3.259871e+02
  0.10, 1.556163e+00, 9.837324e+02, 1.551342e+02
  0.10, 1.877581e+00, 5.749264e+02, 7.023218e+01
  0.10, 2.265379e+00, 3.087351e+02, 3.038260e+01
  0.10, 2.733338e+00, 1.499676e+02, 1.351471e+01
  0.10, 3.297891e+00, 7.899295e+01, 6.616233e+00
  0.10, 3.979081e+00, 4.979662e+01, 3.301046e+00
  0.10, 4.800937e+00, 3.172394e+01, 1.570415e+00
  0.10, 5.792571e+00, 1.940738e+01, 6.538309e-01
  0.10, 6.988963e+00, 9.911205e+00, 2.293159e-01
  0.10, 8.432578e+00, 4.141072e+00, 5.838772e-02
  0.10, 1.017431e+01, 1.108580e+00, 1.078954e-02
  0.10, 1.227566e+01, 7.334829e-02, 0.000000e+00
  0.20, 1.239842e-03, 4.420062e+07, 8.002306e+10
  0.20, 1.495928e-03, 5.920116e+07, 7.295487e+10
  0.20, 1.804909e-03, 7.940117e+07, 6.513086e+10
  0.20, 2.177708e-03, 1.055838e+08, 5.643010e+10
  0.20, 2.627509e-03, 1.349536e+08, 4.702491e+10
  0.20, 3.170215e-03, 1.630471e+08, 3.731819e+10
  0.20, 3.825015e-03, 1.835394e+08, 2.793132e+10
  0.20, 4.615062e-03, 1.899904e+08, 1.950985e+10
  0.20, 5.568292e-03, 1.780070e+08, 1.262101e+10
  0.20, 6.718410e-03, 1.501538e+08, 7.531258e+09
  0.20, 8.106081e-03, 1.136151e+08, 4.147735e+09
  0.20, 9.780373e-03, 7.769734e+07, 2.126315e+09
  0.20, 1.180049e-02, 4.904963e+07, 1.021514e+09
  0.20, 1.423785e-02, 2.878418e+07, 4.619718e+08
  0.20, 1.717864e-02, 1.581057e+07, 1.976344e+08
  0.20, 2.072685e-02, 8.180097e+06, 8.032588e+07
  0.20, 2.500793e-02, 3.941106e+06, 3.136369e+07
  0.20, 3.017326e-02, 1.750208e+06, 1.254069e+07
  0.20, 3.640548e-02, 8.009154e+05, 5.601630e+06
  0.20, 4.392494e-02, 4.278314e+05, 2.792978e+06
  0.20, 5.299752e-02, 2.501742e+05, 1.490837e+06
  0.20, 6.394402e-02, 1.503297e+05, 8.544529e+05
  0.20, 7.715152e-02, 1.044703e+05, 5.220786e+05
  0.20, 9.308696e-02, 8.430572e+04, 3.116301e+05
  0.20, 1.123139e-01, 6.254795e+04, 1.757398e+05
  0.20, 1.355121e-01, 3.915678e+04, 9.744018e+04
  0.20, 1.635018e-01, 2.124410e+04, 6.041239e+04
  0.20, 1.972725e-01, 1.438286e+04, 4.226354e+04
  0.20, 2.380187e-01, 1.238193e+04, 3.077174e+04
  0.20, 2.871813e-01, 1.167465e+04, 2.213250e+04
  0.20, 3.464978e-01, 1.080914e+04, 1.538598e+04
  0.20, 4.180661e-01, 9.706388e+03, 1.032525e+04
  0.20, 5.044171e-01, 8.518572e+03, 6.564060e+03
  0.20, 6.086010e-01, 6.881691e+03, 3.936541e+03
  0.20, 7.343078e-01, 5.124248e+03, 2.239544e+03
  0.20, 8.859748e-01, 3.598542e+03, 1.227586e+03
  0.20, 1.068977e+00, 2.455970e+03, 6.421490e+02
  0.20, 1.289769e+00, 1.566375e+03, 3.221686e+02
  0.20, 1.556163e+00, 9.726072e+02, 1.552005e+02
  0.20, 1.877581e+00, 5.745258e+02, 7.054027e+01
  0.20, 2.265379e+00, 3.084643e+02, 3.095725e+01
  0.20, 2.733338e+00, 1.552844e+02, 1.374433e+01
  0.20, 3.297891e+00, 7.856843e+01, 6.719429e+00
  0.20, 3.979081e+00, 4.952545e+01, 3.445412e+00
  0.20, 4.800937e+00, 3.286883e+01, 1.683805e+00
  0.20, 5.792571e+00, 2.076365e+01, 7.281051e-01
  0.20, 6.988963e+00, 1.128928e+01, 2.568238e-01
  0.20, 8.432578e+00, 4.570414e+00, 6.545821e-02
  0.20, 1.017431e+01, 1.266786e+00, 1.223576e-02
  0.20, 1.227566e+01, 7.158036e-02, 0.000000e+00
  0.30, 1.239842e-03, 3.578694e+07, 6.973659e+10
  0.30, 1.495928e-03, 4.790854e+07, 6.402212e+10
  0.30, 1.804909e-03, 6.422341e+07, 5.768530e+10
  0.30, 2.177708e-03, 8.604183e+07, 5.063670e+10
  0.30, 2.627509e-03, 1.120995e+08, 4.289661e+10
  0.30, 3.170215e-03, 1.389143e+08, 3.474042e+10
  0.30, 3.825015e-03, 1.612804e+08, 2.661738e+10
  0.30, 4.615062e-03, 1.729787e+08, 1.909609e+10
  0.30, 5.568292e-03, 1.688277e+08, 1.269728e+10
  0.30, 6.718410e-03, 1.477714e+08, 7.783104e+09
  0.30, 8.106081e-03, 1.156957e+08, 4.399894e+09
  0.30, 9.780373e-03, 8.160121e+07, 2.311113e+09
  0.30, 1.180049e-02, 5.287762e+07, 1.137377e+09
  0.30, 1.423785e-02, 3.186805e+07, 5.270196e+08
  0.30, 1.717864e-02, 1.797751e+07, 2.310748e+08
  0.30, 2.072685e-02, 9.575248e+06, 9.602503e+07
  0.30, 2.500793e-02, 4.775264e+06, 3.797008e+07
  0.30, 3.017326e-02, 2.186635e+06, 1.477107e+07
  0.30, 3.640548e-02, 9.556828e+05, 6.233216e+06
  0.30, 4.392494e-02, 4.778728e+05, 2.982493e+06
  0.30, 5.299752e-02, 2.714680e+05, 1.545989e+06
  0.30, 6.394402e-02, 1.570906e+05, 8.654590e+05
  0.30, 7.715152e-02, 1.054981e+05, 5.247806e+05
  0.30, 9.308696e-02, 8.119133e+04, 3.147776e+05
  0.30, 1.123139e-01, 6.349297e+04, 1.854572e+05
  0.30, 1.355121e-01, 4.574802e+04, 9.753089e+04
  0.30, 1.635018e-01, 2.146349e+04, 5.734229e+04
  0.30, 1.972725e-01, 1.410988e+04, 3.906070e+04
  0.30, 2.380187e-01, 1.123700e+04, 2.826514e+04
  0.30, 2.871813e-01, 1.064657e+04, 2.044457e+04
  0.30, 3.464978e-01, 9.955928e+03, 1.423079e+04
  0.30, 4.180661e-01, 8.846179e+03, 9.606609e+03
  0.30, 5.044171e-01, 7.875858e+03, 6.157853e+03
  0.30, 6.086010e-01, 6.433269e+03, 3.711787e+03
  0.30, 7.343078e-01, 4.804948e+03, 2.124757e+03
  0.30, 8.859748e-01, 3.396402e+03, 1.172088e+03
  0.30, 1.068977e+00, 2.330658e+03, 6.190325e+02
  0.30, 1.289769e+00, 1.506879e+03, 3.131863e+02
  0.30, 1.556163e+00, 9.393000e+02, 1.523089e+02
  0.30, 1.877581e+00, 5.656080e+02, 7.010065e+01
  0.30, 2.265379e+00, 3.091008e+02, 3.057668e+01
  0.30, 2.733338e+00, 1.511402e+02, 1.362650e+01
  0.30, 3.297891e+00, 7.791133e+01, 6.713335e+00
  0.30, 3.979081e+00, 4.833522e+01, 3.491086e+00
  0.30, 4.800937e+00, 3.254192e+01, 1.769329e+00
  0.30, 5.792571e+00, 2.169088e+01, 7.995277e-01
  0.30, 6.988963e+00, 1.247731e+01, 2.958971e-01
  0.30, 8.432578e+00, 5.387123e+00, 7.824447e-02
  0.30, 1.017431e+01, 1.540833e+00, 1.473623e-02
  0.30, 1.227566e+01, 6.790614e-02, 0.000000e+00
  0.40, 1.239842e-03, 2.934212e+07, 6.100055e+10
  0.40, 1.495928e-03, 3.926494e+07, 5.632225e+10
  0.40, 1.804909e-03, 5.261492e+07, 5.112368e+10
  0.40, 2.177708e-03, 7.060168e+07, 4.535237e+10
  0.40, 2.627509e-03, 9.338304e+07, 3.895837e+10
  0.40, 3.170215e-03, 1.182043e+08, 3.209203e+10
  0.40, 3.825015e-03, 1.409126e+08, 2.509371e+10
  0.40, 4.615062e-03, 1.558377e+08, 1.842212e+10
  0.40, 5.568292e-03, 1.575937e+08, 1.256300e+10
  0.40, 6.718410e-03, 1.429783e+08, 7.891324e+09
  0.40, 8.106081e-03, 1.154039e+08, 4.572741e+09
  0.40, 9.780373e-03, 8.394696e+07, 2.457985e+09
  0.40, 1.180049e-02, 5.574078e+07, 1.237247e+09
  0.40, 1.423785e-02, 3.444694e+07, 5.868017e+08
  0.40, 1.717864e-02, 1.993849e+07, 2.632683e+08
  0.40, 2.072685e-02, 1.089027e+07, 1.119215e+08
  0.40, 2.500793e-02, 5.608848e+06, 4.504918e+07
  0.40, 3.017326e-02, 2.662153e+06, 1.736541e+07
  0.40, 3.640548e-02, 1.154005e+06, 6.939705e+06
  0.40, 4.392494e-02, 5.312061e+05, 3.150676e+06
  0.40, 5.299752e-02, 2.902387e+05, 1.585386e+06
  0.40, 6.394402e-02, 1.644687e+05, 8.617581e+05
  0.40, 7.715152e-02, 1.050595e+05, 5.134794e+05
  0.40, 9.308696e-02, 7.779149e+04, 3.075642e+05
  0.40, 1.123139e-01, 6.108141e+04, 1.849993e+05
  0.40, 1.355121e-01, 4.726544e+04, 9.727804e+04
  0.40, 1.635018e-01, 2.297855e+04, 5.484498e+04
  0.40, 1.972725e-01, 1.388056e+04, 3.585994e+04
  0.40, 2.380187e-01, 1.018601e+04, 2.575526e+04
  0.40, 2.871813e-01, 9.656668e+03, 1.863776e+04
  0.40, 3.464978e-01, 8.923303e+03, 1.304675e+04
  0.40, 4.180661e-01, 8.036705e+03, 8.882809e+03
  0.40, 5.044171e-01, 7.249997e+03, 5.722730e+03
  0.40, 6.086010e-01, 5.950023e+03, 3.469491e+03
  0.40, 7.343078e-01, 4.483374e+03, 1.993482e+03
  0.40, 8.859748e-01, 3.170688e+03, 1.105070e+03
  0.40, 1.068977e+00, 2.188755e+03, 5.872550e+02
  0.40, 1.289769e+00, 1.422498e+03, 2.994419e+02
  0.40, 1.556163e+00, 8.954254e+02, 1.469828e+02
  0.40, 1.877581e+00, 5.438714e+02, 6.823372e+01
  0.40, 2.265379e+00, 3.002909e+02, 3.015684e+01
  0.40, 2.733338e+00, 1.499251e+02, 1.348554e+01
  0.40, 3.297891e+00, 7.629903e+01, 6.678816e+00
  0.40, 3.979081e+00, 4.781464e+01, 3.508524e+00
  0.40, 4.800937e+00, 3.230817e+01, 1.801211e+00
  0.40, 5.792571e+00, 2.186794e+01, 8.354298e-01
  0.40, 6.988963e+00, 1.312902e+01, 3.173386e-01
  0.40, 8.432578e+00, 5.825215e+00, 8.563695e-02
  0.40, 1.017431e+01, 1.708639e+00, 1.630233e-02
  0.40, 1.227566e+01, 7.023363e-02, 0.000000e+00
  0.50, 1.239842e-03, 2.426177e+07, 5.339944e+10
  0.50, 1.495928e-03, 3.245751e+07, 4.952879e+10
  0.50, 1.804909e-03, 4.348086e+07, 4.523502e+10
  0.50, 2.177708e-03, 5.832888e+07, 4.046340e+10
  0.50, 2.627509e-03, 7.790903e+07, 3.516593e+10
  0.50, 3.170215e-03, 1.003936e+08, 2.938178e+10
  0.50, 3.825015e-03, 1.224136e+08, 2.337905e+10
  0.50, 4.615062e-03, 1.390616e+08, 1.750179e+10
  0.50, 5.568292e-03, 1.449452e+08, 1.220325e+10
  0.50, 6.718410e-03, 1.358940e+08, 7.833174e+09
  0.50, 8.106081e-03, 1.126393e+08, 4.640493e+09
  0.50, 9.780373e-03, 8.422718e+07, 2.549423e+09
  0.50, 1.180049e-02, 5.729927e+07, 1.310906e+09
  0.50, 1.423785e-02, 3.624169e+07, 6.354924e+08
  0.50, 1.717864e-02, 2.149509e+07, 2.914319e+08
  0.50, 2.072685e-02, 1.202757e+07, 1.266036e+08
  0.50, 2.500793e-02, 6.364776e+06, 5.191280e+07
  0.50, 3.017326e-02, 3.120299e+06, 2.009548e+07
  0.50, 3.640548e-02, 1.374134e+06, 7.731730e+06
  0.50, 4.392494e-02, 5.952446e+05, 3.325400e+06
  0.50, 5.299752e-02, 3.075483e+05, 1.613538e+06
  0.50, 6.394402e-02, 1.682024e+05, 8.598132e+05
  0.50, 7.715152e-02, 1.062024e+05, 5.056448e+05
  0.50, 9.308696e-02, 7.500965e+04, 3.001266e+05
  0.50, 1.123139e-01, 5.812222e+04, 1.853682e+05
  0.50, 1.355121e-01, 4.945905e+04, 9.729381e+04
  0.50, 1.635018e-01, 2.429395e+04, 5.230675e+04
  0.50, 1.972725e-01, 1.352534e+04, 3.296114e+04
  0.50, 2.380187e-01, 9.405103e+03, 2.336964e+04
  0.50, 2.871813e-01, 8.661983e+03, 1.688981e+04
  0.50, 3.464978e-01, 7.981991e+03, 1.190362e+04
  0.50, 4.180661e-01, 7.285693e+03, 8.144187e+03
  0.50, 5.044171e-01, 6.594889e+03, 5.280645e+03
  0.50, 6.086010e-01, 5.479417e+03, 3.216838e+03
  0.50, 7.343078e-01, 4.145532e+03, 1.855061e+03
  0.50, 8.859748e-01, 2.941094e+03, 1.032214e+03
  0.50, 1.068977e+00, 2.038994e+03, 5.512744e+02
  0.50, 1.289769e+00, 1.330445e+03, 2.823471e+02
  0.50, 1.556163e+00, 8.369081e+02, 1.399918e+02
  0.50, 1.877581e+00, 5.167181e+02, 6.592497e+01
  0.50, 2.265379e+00, 2.917382e+02, 2.937602e+01
  0.50, 2.733338e+00, 1.463156e+02, 1.310972e+01
  0.50, 3.297891e+00, 7.366988e+01, 6.514838e+00
  0.50, 3.979081e+00, 4.615436e+01, 3.441051e+00
  0.50, 4.800937e+00, 3.118862e+01, 1.806185e+00
  0.50, 5.792571e+00, 2.168544e+01, 8.544234e-01
  0.50, 6.988963e+00, 1.333198e+01, 3.429785e-01
  0.50, 8.432578e+00, 6.572854e+00, 9.378239e-02
  0.50, 1.017431e+01, 1.814016e+00, 1.727959e-02
  0.50, 1.227566e+01, 7.088278e-02, 0.000000e+00
  0.60, 1.239842e-03, 2.018730e+07, 4.675003e+10
  0.60, 1.495928e-03, 2.700273e+07, 4.352209e+10
  0.60, 1.804909e-03, 3.616837e+07, 3.995775e+10
  0.60, 2.177708e-03, 4.851255e+07, 3.598132e+10
  0.60, 2.627509e-03, 6.509306e+07, 3.157600e+10
  0.60, 3.170215e-03, 8.514193e+07, 2.670404e+10
  0.60, 3.825015e-03, 1.058832e+08, 2.156930e+10
  0.60, 4.615062e-03, 1.231558e+08, 1.642279e+10
  0.60, 5.568292e-03, 1.317687e+08, 1.167492e+10
  0.60, 6.718410e-03, 1.272278e+08, 7.643039e+09
  0.60, 8.106081e-03, 1.080413e+08, 4.618705e+09
  0.60, 9.780373e-03, 8.275737e+07, 2.591433e+09
  0.60, 1.180049e-02, 5.773203e+07, 1.359947e+09
  0.60, 1.423785e-02, 3.730529e+07, 6.730517e+08
  0.60, 1.717864e-02, 2.264632e+07, 3.152821e+08
  0.60, 2.072685e-02, 1.297529e+07, 1.398484e+08
  0.60, 2.500793e-02, 7.033652e+06, 5.844765e+07
  0.60, 3.017326e-02, 3.553230e+06, 2.288448e+07
  0.60, 3.640548e-02, 1.609942e+06, 8.595096e+06
  0.60, 4.392494e-02, 6.725185e+05, 3.484682e+06
  0.60, 5.299752e-02, 3.214181e+05, 1.614705e+06
  0.60, 6.394402e-02, 1.690164e+05, 8.426755e+05
  0.60, 7.715152e-02, 1.065492e+05, 4.869633e+05
  0.60, 9.308696e-02, 7.175526e+04, 2.832549e+05
  0.60, 1.123139e-01, 5.332922e+04, 1.778287e+05
  0.60, 1.355121e-01, 4.852987e+04, 9.372307e+04
  0.60, 1.635018e-01, 2.409871e+04, 4.922958e+04
  0.60, 1.972725e-01, 1.308399e+04, 3.025854e+04
  0.60, 2.380187e-01, 8.587143e+03, 2.114239e+04
  0.60, 2.871813e-01, 7.708663e+03, 1.539534e+04
  0.60, 3.464978e-01, 7.338092e+03, 1.083883e+04
  0.60, 4.180661e-01, 6.564629e+03, 7.430656e+03
  0.60, 5.044171e-01, 5.995187e+03, 4.838365e+03
  0.60, 6.086010e-01, 5.009340e+03, 2.957238e+03
  0.60, 7.343078e-01, 3.800812e+03, 1.709939e+03
  0.60, 8.859748e-01, 2.705094e+03, 9.551555e+02
  0.60, 1.068977e+00, 1.881221e+03, 5.114580e+02
  0.60, 1.289769e+00, 1.224644e+03, 2.640450e+02
  0.60, 1.556163e+00, 7.819317e+02, 1.321601e+02
  0.60, 1.877581e+00, 4.866752e+02, 6.260267e+01
  0.60, 2.265379e+00, 2.767452e+02, 2.817539e+01
  0.60, 2.733338e+00, 1.412256e+02, 1.256230e+01
  0.60, 3.297891e+00, 6.987858e+01, 6.266662e+00
  0.60, 3.979081e+00, 4.412276e+01, 3.329945e+00
  0.60, 4.800937e+00, 2.972210e+01, 1.776905e+00
  0.60, 5.792571e+00, 2.111778e+01, 8.578788e-01
  0.60, 6.988963e+00, 1.334714e+01, 3.572148e-01
  0.60, 8.432578e+00, 6.988243e+00, 9.974444e-02
  0.60, 1.017431e+01, 1.932470e+00, 1.831892e-02
  0.60, 1.227566e+01, 6.387115e-02, 0.000000e+00
  0.80, 1.239842e-03, 1.412649e+07, 3.562911e+10
  0.80, 1.495928e-03, 1.889602e+07, 3.336449e+10
  0.80, 1.804909e-03, 2.531071e+07, 3.087597e+10
  0.80, 2.177708e-03, 3.395065e+07, 2.808742e+10
  0.80, 2.627509e-03, 4.560503e+07, 2.500898e+10
  0.80, 3.170215e-03, 6.093219e+07, 2.156345e+10
  0.80, 3.825015e-03, 7.825986e+07, 1.783032e+10
  0.80, 4.615062e-03, 9.462761e+07, 1.395502e+10
  0.80, 5.568292e-03, 1.057696e+08, 1.022772e+10
  0.80, 6.718410e-03, 1.069869e+08, 6.919636e+09
  0.80, 8.106081e-03, 9.481432e+07, 4.320102e+09
  0.80, 9.780373e-03, 7.543001e+07, 2.511987e+09
  0.80, 1.180049e-02, 5.500867e+07, 1.365475e+09
  0.80, 1.423785e-02, 3.688964e+07, 7.001001e+08
  0.80, 1.717864e-02, 2.330110e+07, 3.401769e+08
  0.80, 2.072685e-02, 1.391508e+07, 1.563438e+08
  0.80, 2.500793e-02, 7.845830e+06, 6.757287e+07
  0.80, 3.017326e-02, 4.150419e+06, 2.717272e+07
  0.80, 3.640548e-02, 1.982024e+06, 1.009304e+07
  0.80, 4.392494e-02, 8.249385e+05, 3.758298e+06
  0.80, 5.299752e-02, 3.468330e+05, 1.574241e+06
  0.80, 6.394402e-02, 1.627207e+05, 7.852173e+05
  0.80, 7.715152e-02, 1.024951e+05, 4.444225e+05
  0.80, 9.308696e-02, 6.639133e+04, 2.487205e+05
  0.80, 1.123139e-01, 4.501176e+04, 1.576377e+05
  0.80, 1.355121e-01, 4.409144e+04, 8.338503e+04
  0.80, 1.635018e-01, 2.233130e+04, 4.254979e+04
  0.80, 1.972725e-01, 1.171944e+04, 2.510957e+04
  0.80, 2.380187e-01, 7.168390e+03, 1.724391e+04
  0.80, 2.871813e-01, 6.281914e+03, 1.248251e+04
  0.80, 3.464978e-01, 5.838127e+03, 8.828132e+03
  0.80, 4.180661e-01, 5.274045e+03, 6.105729e+03
  0.80, 5.044171e-01, 4.886947e+03, 4.008959e+03
  0.80, 6.086010e-01, 4.134906e+03, 2.465480e+03
  0.80, 7.343078e-01, 3.159259e+03, 1.432422e+03
  0.80, 8.859748e-01, 2.255573e+03, 8.038072e+02
  0.80, 1.068977e+00, 1.575183e+03, 4.335630e+02
  0.80, 1.289769e+00, 1.034741e+03, 2.253426e+02
  0.80, 1.556163e+00, 6.641195e+02, 1.137821e+02
  0.80, 1.877581e+00, 4.176784e+02, 5.436831e+01
  0.80, 2.265379e+00, 2.398071e+02, 2.475588e+01
  0.80, 2.733338e+00, 1.242740e+02, 1.109814e+01
  0.80, 3.297891e+00, 6.105856e+01, 5.587895e+00
  0.80, 3.979081e+00, 3.903474e+01, 3.003513e+00
  0.80, 4.800937e+00, 2.623636e+01, 1.631096e+00
  0.80, 5.792571e+00, 1.898439e+01, 8.162949e-01
  0.80, 6.988963e+00, 1.255511e+01, 3.561444e-01
  0.80, 8.432578e+00, 6.984442e+00, 1.096092e-01
  0.80, 1.017431e+01, 2.336734e+00, 2.196777e-02
  0.80, 1.227566e+01, 5.325319e-02, 0.000000e+00
  1.00, 1.239842e-03, 9.918077e+06, 2.652429e+10
  1.00, 1.495928e-03, 1.326449e+07, 2.493742e+10
  1.00, 1.804909e-03, 1.776449e+07, 2.318774e+10
  1.00, 2.177708e-03, 2.382459e+07, 2.123370e+10
  1.00, 2.627509e-03, 3.199779e+07, 1.907065e+10
  1.00, 3.170215e-03, 4.303139e+07, 1.665066e+10
  1.00, 3.825015e-03, 5.663966e+07, 1.398350e+10
  1.00, 4.615062e-03, 7.058775e+07, 1.113671e+10
  1.00, 5.568292e-03, 8.154975e+07, 8.310967e+09
  1.00, 6.718410e-03, 8.511904e+07, 5.719993e+09
  1.00, 8.106081e-03, 7.730159e+07, 3.625671e+09
  1.00, 9.780373e-03, 6.267280e+07, 2.138567e+09
  1.00, 1.180049e-02, 4.652851e+07, 1.177788e+09
  1.00, 1.423785e-02, 3.165328e+07, 6.112452e+08
  1.00, 1.717864e-02, 2.026297e+07, 3.006099e+08
  1.00, 2.072685e-02, 1.227032e+07, 1.397497e+08
  1.00, 2.500793e-02, 7.010865e+06, 6.103082e+07
  1.00, 3.017326e-02, 3.760430e+06, 2.471282e+07
  1.00, 3.640548e-02, 1.817232e+06, 9.159762e+06
  1.00, 4.392494e-02, 7.585363e+05, 3.335192e+06
  1.00, 5.299752e-02, 3.090297e+05, 1.347372e+06
  1.00, 6.394402e-02, 1.383589e+05, 6.591474e+05
  1.00, 7.715152e-02, 8.640446e+04, 3.706317e+05
  1.00, 9.308696e-02, 5.491603e+04, 2.064241e+05
  1.00, 1.123139e-01, 3.641165e+04, 1.325545e+05
  1.00, 1.355121e-01, 3.720080e+04, 7.115652e+04
  1.00, 1.635018e-01, 1.986753e+04, 3.593229e+04
  1.00, 1.972725e-01, 1.036875e+04, 2.026458e+04
  1.00, 2.380187e-01, 5.691248e+03, 1.367204e+04
  1.00, 2.871813e-01, 4.916692e+03, 9.917255e+03
  1.00, 3.464978e-01, 4.541421e+03, 7.069044e+03
  1.00, 4.180661e-01, 4.146073e+03, 4.943769e+03
  1.00, 5.044171e-01, 3.917790e+03, 3.279812e+03
  1.00, 6.086010e-01, 3.368611e+03, 2.032196e+03
  1.00, 7.343078e-01, 2.595480e+03, 1.186795e+03
  1.00, 8.859748e-01, 1.862109e+03, 6.693364e+02
  1.00, 1.068977e+00, 1.309862e+03, 3.627046e+02
  1.00, 1.289769e+00, 8.651436e+02, 1.890361e+02
  1.00, 1.556163e+00, 5.557022e+02, 9.573755e+01
  1.00, 1.877581e+00, 3.520359e+02, 4.592140e+01
  1.00, 2.265379e+00, 2.042438e+02, 2.080663e+01
  1.00, 2.733338e+00, 1.049033e+02, 9.213081e+00
  1.00, 3.297891e+00, 5.047947e+01, 4.596353e+00
  1.00, 3.979081e+00, 3.172691e+01, 2.480020e+00
  1.00, 4.800937e+00, 2.142619e+01, 1.362827e+00
  1.00, 5.792571e+00, 1.571435e+01, 6.939087e-01
  1.00, 6.988963e+00, 1.055645e+01, 3.098106e-01
  1.00, 8.432578e+00, 6.067052e+00, 1.009558e-01
  1.00, 1.017431e+01, 2.263887e+00, 2.121808e-02
  1.00, 1.227566e+01, 4.311249e-02, 0.000000e+00
  1.25, 1.239842e-03, 6.450928e+06, 1.826395e+10
  1.25, 1.495928e-03, 8.625945e+06, 1.723252e+10
  1.25, 1.804909e-03, 1.155024e+07, 1.609420e+10
  1.25, 2.177708e-03, 1.548766e+07, 1.482442e+10
  1.25, 2.627509e-03, 2.079710e+07, 1.341781e+10
  1.25, 3.170215e-03, 2.796738e+07, 1.184560e+10
  1.25, 3.825015e-03, 3.751432e+07, 1.010001e+10
  1.25, 4.615062e-03, 4.826412e+07, 8.183566e+09
  1.25, 5.568292e-03, 5.775391e+07, 6.218864e+09
  1.25, 6.718410e-03, 6.239096e+07, 4.351183e+09
  1.25, 8.106081e-03, 5.806405e+07, 2.796493e+09
  1.25, 9.780373e-03, 4.793768e+07, 1.669922e+09
  1.25, 1.180049e-02, 3.615406e+07, 9.293481e+08
  1.25, 1.423785e-02, 2.487627e+07, 4.867822e+08
  1.25, 1.717864e-02, 1.608554e+07, 2.415771e+08
  1.25, 2.072685e-02, 9.841595e+06, 1.132906e+08
  1.25, 2.500793e-02, 5.680688e+06, 4.988237e+07
  1.25, 3.017326e-02, 3.083357e+06, 2.030826e+07
  1.25, 3.640548e-02, 1.502693e+06, 7.498865e+06
  1.25, 4.392494e-02, 6.245428e+05, 2.688995e+06
  1.25, 5.299752e-02, 2.504399e+05, 1.060114e+06
  1.25, 6.394402e-02, 1.086251e+05, 5.097457e+05
  1.25, 7.715152e-02, 6.741387e+04, 2.843841e+05
  1.25, 9.308696e-02, 4.187583e+04, 1.565162e+05
  1.25, 1.123139e-01, 2.691152e+04, 1.020774e+05
  1.25, 1.355121e-01, 2.909209e+04, 5.493753e+04
  1.25, 1.635018e-01, 1.559054e+04, 2.736675e+04
  1.25, 1.972725e-01, 8.066096e+03, 1.507006e+04
  1.25, 2.380187e-01, 4.178325e+03, 1.006375e+04
  1.25, 2.871813e-01, 3.557292e+03, 7.340870e+03
  1.25, 3.464978e-01, 3.296730e+03, 5.268465e+03
  1.25, 4.180661e-01, 3.012864e+03, 3.732610e+03
  1.25, 5.044171e-01, 2.927175e+03, 2.505578e+03
  1.25, 6.086010e-01, 2.561181e+03, 1.565378e+03
  1.25, 7.343078e-01, 1.993425e+03, 9.189278e+02
  1.25, 8.859748e-01, 1.437645e+03, 5.208006e+02
  1.25, 1.068977e+00, 1.018820e+03, 2.831335e+02
  1.25, 1.289769e+00, 6.728539e+02, 1.479796e+02
  1.25, 1.556163e+00, 4.349778e+02, 7.538592e+01
  1.25, 1.877581e+00, 2.784143e+02, 3.607145e+01
  1.25, 2.265379e+00, 1.608230e+02, 1.632629e+01
  1.25, 2.733338e+00, 8.365986e+01, 7.102204e+00
  1.25, 3.297891e+00, 3.865847e+01, 3.485945e+00
  1.25, 3.979081e+00, 2.385007e+01, 1.876819e+00
  1.25, 4.800937e+00, 1.595027e+01, 1.043741e+00
  1.25, 5.792571e+00, 1.193471e+01, 5.409880e-01
  1.25, 6.988963e+00, 8.236354e+00, 2.462409e-01
  1.25, 8.432578e+00, 4.860683e+00, 8.093262e-02
  1.25, 1.017431e+01, 1.816692e+00, 1.699345e-02
  1.25, 1.227566e+01, 3.023649e-02, 0.000000e+00
  1.50, 1.239842e-03, 4.234725e+06, 1.256198e+10
  1.50, 1.495928e-03, 5.662000e+06, 1.188114e+10
  1.50, 1.804909e-03, 7.580798e+06, 1.113777e+10
  1.50, 2.177708e-03, 1.016418e+07, 1.030063e+10
  1.50, 2.627509e-03, 1.364749e+07, 9.381326e+09
  1.50, 3.170215e-03, 1.835127e+07, 8.345867e+09
  1.50, 3.825015e-03, 2.471276e+07, 7.202679e+09
  1.50, 4.615062e-03, 3.266888e+07, 5.923053e+09
  1.50, 5.568292e-03, 4.035202e+07, 4.572583e+09
  1.50, 6.718410e-03, 4.496871e+07, 3.246859e+09
  1.50, 8.106081e-03, 4.281494e+07, 2.112762e+09
  1.50, 9.780373e-03, 3.593178e+07, 1.275689e+09
  1.50, 1.180049e-02, 2.749374e+07, 7.166069e+08
  1.50, 1.423785e-02, 1.911271e+07, 3.784457e+08
  1.50, 1.717864e-02, 1.246935e+07, 1.892871e+08
  1.50, 2.072685e-02, 7.693720e+06, 8.947592e+07
  1.50, 2.500793e-02, 4.483806e+06, 3.970617e+07
  1.50, 3.017326e-02, 2.460297e+06, 1.625361e+07
  1.50, 3.640548e-02, 1.209507e+06, 5.991768e+06
  1.50, 4.392494e-02, 5.016222e+05, 2.118052e+06
  1.50, 5.299752e-02, 1.981223e+05, 8.194300e+05
  1.50, 6.394402e-02, 8.453950e+04, 3.846624e+05
  1.50, 7.715152e-02, 5.066910e+04, 2.133671e+05
  1.50, 9.308696e-02, 3.118241e+04, 1.165330e+05
  1.50, 1.123139e-01, 1.931908e+04, 7.763427e+04
  1.50, 1.355121e-01, 2.242188e+04, 4.214858e+04
  1.50, 1.635018e-01, 1.219359e+04, 2.077779e+04
  1.50, 1.972725e-01, 6.285643e+03, 1.112803e+04
  1.50, 2.380187e-01, 3.058635e+03, 7.329039e+03
  1.50, 2.871813e-01, 2.560878e+03, 5.358587e+03
  1.50, 3.464978e-01, 2.368093e+03, 3.864554e+03
  1.50, 4.180661e-01, 2.160586e+03, 2.766031e+03
  1.50, 5.044171e-01, 2.140680e+03, 1.877364e+03
  1.50, 6.086010e-01, 1.910113e+03, 1.183694e+03
  1.50, 7.343078e-01, 1.505339e+03, 6.977196e+02
  1.50, 8.859748e-01, 1.088223e+03, 3.971621e+02
  1.50, 1.068977e+00, 7.765031e+02, 2.164506e+02
  1.50, 1.289769e+00, 5.131224e+02, 1.135278e+02
  1.50, 1.556163e+00, 3.332361e+02, 5.798659e+01
  1.50, 1.877581e+00, 2.142199e+02, 2.787820e+01
  1.50, 2.265379e+00, 1.257568e+02, 1.254701e+01
  1.50, 2.733338e+00, 6.463136e+01, 5.359764e+00
  1.50, 3.297891e+00, 2.904412e+01, 2.600990e+00
  1.50, 3.979081e+00, 1.771272e+01, 1.396466e+00
  1.50, 4.800937e+00, 1.170354e+01, 7.827620e-01
  1.50, 5.792571e+00, 8.870943e+00, 4.117217e-01
  1.50, 6.988963e+00, 6.256313e+00, 1.907690e-01
  1.50, 8.432578e+00, 3.786626e+00, 6.366644e-02
  1.50, 1.017431e+01, 1.440945e+00, 1.345350e-02
  1.50, 1.227566e+01, 2.068991e-02, 0.000000e+00
  2.00, 1.239842e-03, 1.831751e+06, 5.842238e+09
  2.00, 1.495928e-03, 2.449057e+06, 5.548935e+09
  2.00, 1.804909e-03, 3.278952e+06, 5.226208e+09
  2.00, 2.177708e-03, 4.396293e+06, 4.865311e+09
  2.00, 2.627509e-03, 5.902901e+06, 4.466497e+09
  2.00, 3.170215e-03, 7.937433e+06, 4.019824e+09
  2.00, 3.825015e-03, 1.068906e+07, 3.524170e+09
  2.00, 4.615062e-03, 1.441621e+07, 2.968004e+09
  2.00, 5.568292e-03, 1.887710e+07, 2.355061e+09
  2.00, 6.718410e-03, 2.228574e+07, 1.716171e+09
  2.00, 8.106081e-03, 2.211608e+07, 1.141680e+09
  2.00, 9.780373e-03, 1.912766e+07, 7.031167e+08
  2.00, 1.180049e-02, 1.502496e+07, 4.016145e+08
  2.00, 1.423785e-02, 1.064289e+07, 2.151694e+08
  2.00, 1.717864e-02, 7.053159e+06, 1.090887e+08
  2.00, 2.072685e-02, 4.413715e+06, 5.226842e+07
  2.00, 2.500793e-02, 2.610758e+06, 2.354630e+07
  2.00, 3.017326e-02, 1.464013e+06, 9.767907e+06
  2.00, 3.640548e-02, 7.346253e+05, 3.602274e+06
  2.00, 4.392494e-02, 3.048470e+05, 1.244939e+06
  2.00, 5.299752e-02, 1.163943e+05, 4.643833e+05
  2.00, 6.394402e-02, 4.825698e+04, 2.135108e+05
  2.00, 7.715152e-02, 2.921774e+04, 1.142910e+05
  2.00, 9.308696e-02, 1.605527e+04, 6.067317e+04
  2.00, 1.123139e-01, 9.260345e+03, 4.224883e+04
  2.00, 1.355121e-01, 1.244894e+04, 2.348701e+04
  2.00, 1.635018e-01, 7.044501e+03, 1.139314e+04
  2.00, 1.972725e-01, 3.578514e+03, 5.815612e+03
  2.00, 2.380187e-01, 1.580261e+03, 3.739675e+03
  2.00, 2.871813e-01, 1.296803e+03, 2.735509e+03
  2.00, 3.464978e-01, 1.175134e+03, 1.981381e+03
  2.00, 4.180661e-01, 1.054065e+03, 1.446030e+03
  2.00, 5.044171e-01, 1.094567e+03, 1.002096e+03
  2.00, 6.086010e-01, 1.011113e+03, 6.409996e+02
  2.00, 7.343078e-01, 8.113707e+02, 3.812054e+02
  2.00, 8.859748e-01, 5.918188e+02, 2.185852e+02
  2.00, 1.068977e+00, 4.270877e+02, 1.198129e+02
  2.00, 1.289769e+00, 2.828686e+02, 6.302575e+01
  2.00, 1.556163e+00, 1.836652e+02, 3.251520e+01
  2.00, 1.877581e+00, 1.207564e+02, 1.572703e+01
  2.00, 2.265379e+00, 7.175030e+01, 7.045148e+00
  2.00, 2.733338e+00, 3.688139e+01, 2.927914e+00
  2.00, 3.297891e+00, 1.580690e+01, 1.384409e+00
  2.00, 3.979081e+00, 9.373244e+00, 7.360577e-01
  2.00, 4.800937e+00, 6.015525e+00, 4.162546e-01
  2.00, 5.792571e+00, 4.610361e+00, 2.251270e-01
  2.00, 6.988963e+00, 3.404036e+00, 1.080943e-01
  2.00, 8.432578e+00, 2.166138e+00, 3.730251e-02
  2.00, 1.017431e+01, 8.610797e-01, 8.000946e-03
  2.00, 1.227566e+01, 7.316668e-03, 0.000000e+00
  2.50, 1.239842e-03, 7.681212e+05, 2.591915e+09
  2.50, 1.495928e-03, 1.027054e+06, 2.468030e+09
  2.50, 1.804909e-03, 1.375189e+06, 2.333571e+09
  2.50, 2.177708e-03, 1.843958e+06, 2.181317e+09
  2.50, 2.627509e-03, 2.476118e+06, 2.014920e+09
  2.50, 3.170215e-03, 3.329897e+06, 1.826655e+09
  2.50, 3.825015e-03, 4.484754e+06, 1.619595e+09
  2.50, 4.615062e-03, 6.049252e+06, 1.385346e+09
  2.50, 5.568292e-03, 8.167085e+06, 1.126264e+09
  2.50, 6.718410e-03, 1.026006e+07, 8.405346e+08
  2.50, 8.106081e-03, 1.057937e+07, 5.704567e+08
  2.50, 9.780373e-03, 9.410023e+06, 3.579992e+08
  2.50, 1.180049e-02, 7.589204e+06, 2.076499e+08
  2.50, 1.423785e-02, 5.466603e+06, 1.127439e+08
  2.50, 1.717864e-02, 3.679430e+06, 5.787083e+07
  2.50, 2.072685e-02, 2.331181e+06, 2.805236e+07
  2.50, 2.500793e-02, 1.393978e+06, 1.281935e+07
  2.50, 3.017326e-02, 7.974360e+05, 5.404023e+06
  2.50, 3.640548e-02, 4.102873e+05, 2.008846e+06
  2.50, 4.392494e-02, 1.725079e+05, 6.826773e+05
  2.50, 5.299752e-02, 6.384131e+04, 2.448830e+05
  2.50, 6.394402e-02, 2.496304e+04, 1.108666e+05
  2.50, 7.715152e-02, 1.592639e+04, 5.883515e+04
  2.50, 9.308696e-02, 8.505282e+03, 2.903448e+04
  2.50, 1.123139e-01, 3.661844e+03, 2.100027e+04
  2.50, 1.355121e-01, 6.237135e+03, 1.227283e+04
  2.50, 1.635018e-01, 3.849478e+03, 5.963366e+03
  2.50, 1.972725e-01, 1.966920e+03, 2.873872e+03
  2.50, 2.380187e-01, 7.627081e+02, 1.793118e+03
  2.50, 2.871813e-01, 6.222320e+02, 1.312001e+03
  2.50, 3.464978e-01, 5.590217e+02, 9.491513e+02
  2.50, 4.180661e-01, 4.813277e+02, 7.004317e+02
  2.50, 5.044171e-01, 5.127125e+02, 4.963241e+02
  2.50, 6.086010e-01, 4.980709e+02, 3.226868e+02
  2.50, 7.343078e-01, 4.066800e+02, 1.931626e+02
  2.50, 8.859748e-01, 2.975615e+02, 1.117936e+02
  2.50, 1.068977e+00, 2.187733e+02, 6.160855e+01
  2.50, 1.289769e+00, 1.450679e+02, 3.249615e+01
  2.50, 1.556163e+00, 9.397209e+01, 1.686217e+01
  2.50, 1.877581e+00, 6.238587e+01, 8.259357e+00
  2.50, 2.265379e+00, 3.823389e+01, 3.708239e+00
  2.50, 2.733338e+00, 1.970930e+01, 1.503153e+00
  2.50, 3.297891e+00, 8.116364e+00, 6.924537e-01
  2.50, 3.979081e+00, 4.685723e+00, 3.620288e-01
  2.50, 4.800937e+00, 2.891247e+00, 2.059110e-01
  2.50, 5.792571e+00, 2.224043e+00, 1.135301e-01
  2.50, 6.988963e+00, 1.684472e+00, 5.701361e-02
  2.50, 8.432578e+00, 1.160069e+00, 2.055145e-02
  2.50, 1.017431e+01, 4.842073e-01, 4.507881e-03
  2.50, 1.227566e+01, 5.257591e-03, 0.000000e+00
  3.00, 1.239842e-03, 2.936363e+05, 1.039111e+09
  3.00, 1.495928e-03, 3.926347e+05, 9.910970e+08
  3.00, 1.804909e-03, 5.257788e+05, 9.403471e+08
  3.00, 2.177708e-03, 7.050713e+05, 8.814774e+08
  3.00, 2.627509e-03, 9.468837e+05, 8.185047e+08
  3.00, 3.170215e-03, 1.273525e+06, 7.458514e+08
  3.00, 3.825015e-03, 1.715412e+06, 6.673111e+08
  3.00, 4.615062e-03, 2.314129e+06, 5.770503e+08
  3.00, 5.568292e-03, 3.126585e+06, 4.785662e+08
  3.00, 6.718410e-03, 4.170220e+06, 3.662464e+08
  3.00, 8.106081e-03, 4.504933e+06, 2.532438e+08
  3.00, 9.780373e-03, 4.095636e+06, 1.620563e+08
  3.00, 1.180049e-02, 3.408072e+06, 9.554801e+07
  3.00, 1.423785e-02, 2.498543e+06, 5.256052e+07
  3.00, 1.717864e-02, 1.706314e+06, 2.732245e+07
  3.00, 2.072685e-02, 1.097213e+06, 1.339730e+07
  3.00, 2.500793e-02, 6.615221e+05, 6.197405e+06
  3.00, 3.017326e-02, 3.838691e+05, 2.665465e+06
  3.00, 3.640548e-02, 2.043717e+05, 1.005447e+06
  3.00, 4.392494e-02, 8.748344e+04, 3.391491e+05
  3.00, 5.299752e-02, 3.227082e+04, 1.173713e+05
  3.00, 6.394402e-02, 1.154945e+04, 5.075007e+04
  3.00, 7.715152e-02, 7.356806e+03, 2.807494e+04
  3.00, 9.308696e-02, 4.448012e+03, 1.258266e+04
  3.00, 1.123139e-01, 1.044067e+03, 9.562461e+03
  3.00, 1.355121e-01, 2.906796e+03, 5.922204e+03
  3.00, 1.635018e-01, 1.936913e+03, 2.869066e+03
  3.00, 1.972725e-01, 1.002605e+03, 1.295819e+03
  3.00, 2.380187e-01, 3.378699e+02, 7.664204e+02
  3.00, 2.871813e-01, 2.604321e+02, 5.655929e+02
  3.00, 3.464978e-01, 2.453970e+02, 4.062173e+02
  3.00, 4.180661e-01, 1.955290e+02, 3.022592e+02
  3.00, 5.044171e-01, 2.128718e+02, 2.183894e+02
  3.00, 6.086010e-01, 2.163841e+02, 1.450835e+02
  3.00, 7.343078e-01, 1.832092e+02, 8.735102e+01
  3.00, 8.859748e-01, 1.327152e+02, 5.099293e+01
  3.00, 1.068977e+00, 9.993052e+01, 2.838314e+01
  3.00, 1.289769e+00, 6.685520e+01, 1.496934e+01
  3.00, 1.556163e+00, 4.284894e+01, 7.832235e+00
  3.00, 1.877581e+00, 2.881697e+01, 3.871259e+00
  3.00, 2.265379e+00, 1.798480e+01, 1.769736e+00
  3.00, 2.733338e+00, 9.690558e+00, 7.012279e-01
  3.00, 3.297891e+00, 3.750798e+00, 3.139898e-01
  3.00, 3.979081e+00, 2.151527e+00, 1.607670e-01
  3.00, 4.800937e+00, 1.254535e+00, 9.108147e-02
  3.00, 5.792571e+00, 9.642358e-01, 5.108848e-02
  3.00, 6.988963e+00, 7.358290e-01, 2.646396e-02
  3.00, 8.432578e+00, 5.346538e-01, 1.034427e-02
  3.00, 1.017431e+01, 2.583900e-01, 2.411180e-03
  3.00, 1.227566e+01, 3.540189e-03, 0.000000e+00
  3.90, 1.239842e-03, 1.143706e+04, 4.358751e+07
  3.90, 1.495928e-03, 1.530368e+04, 4.191627e+07
  3.90, 1.804909e-03, 2.049500e+04, 3.973832e+07
  3.90, 2.177708e-03, 2.747862e+04, 3.764347e+07
  3.90, 2.627509e-03, 3.690658e+04, 3.498955e+07
  3.90, 3.170215e-03, 4.964483e+04, 3.235714e+07
  3.90, 3.825015e-03, 6.687621e+04, 2.909572e+07
  3.90, 4.615062e-03, 9.022611e+04, 2.577631e+07
  3.90, 5.568292e-03, 1.219157e+05, 2.173666e+07
  3.90, 6.718410e-03, 1.649906e+05, 1.753433e+07
  3.90, 8.106081e-03, 2.074633e+05, 1.261638e+07
  3.90, 9.780373e-03, 1.953501e+05, 8.339839e+06
  3.90, 1.180049e-02, 1.704945e+05, 5.109836e+06
  3.90, 1.423785e-02, 1.321386e+05, 2.891779e+06
  3.90, 1.717864e-02, 9.268861e+04, 1.544412e+06
  3.90, 2.072685e-02, 6.164060e+04, 7.739966e+05
  3.90, 2.500793e-02, 3.786879e+04, 3.674100e+05
  3.90, 3.017326e-02, 2.247224e+04, 1.621517e+05
  3.90, 3.640548e-02, 1.231504e+04, 6.500869e+04
  3.90, 4.392494e-02, 6.017138e+03, 2.227699e+04
  3.90, 5.299752e-02, 2.144895e+03, 7.009114e+03
  3.90, 6.394402e-02, 6.808896e+02, 2.904775e+03
  3.90, 7.715152e-02, 3.821848e+02, 1.500264e+03
  3.90, 9.308696e-02, 2.460604e+02, 8.327258e+02
  3.90, 1.123139e-01, 7.313168e+01, 4.877092e+02
  3.90, 1.355121e-01, 3.750652e+01, 4.869494e+02
  3.90, 1.635018e-01, 2.206473e+02, 2.932022e+02
  3.90, 1.972725e-01, 1.314432e+02, 9.007423e+01
  3.90, 2.380187e-01, 1.849885e+01, 3.706648e+01
  3.90, 2.871813e-01, 1.269751e+01, 2.614728e+01
  3.90, 3.464978e-01, 1.082903e+01, 1.917697e+01
  3.90, 4.180661e-01, 9.360609e+00, 1.415450e+01
  3.90, 5.044171e-01, 8.530766e+00, 1.055700e+01
  3.90, 6.086010e-01, 9.885552e+00, 7.502602e+00
  3.90, 7.343078e-01, 9.736284e+00, 4.602214e+00
  3.90, 8.859748e-01, 6.780352e+00, 2.687561e+00
  3.90, 1.068977e+00, 5.166975e+00, 1.553904e+00
  3.90, 1.289769e+00, 3.731631e+00, 8.173776e-01
  3.90, 1.556163e+00, 2.270609e+00, 4.357436e-01
  3.90, 1.877581e+00, 1.579603e+00, 2.183602e-01
  3.90, 2.265379e+00, 9.993166e-01, 1.061985e-01
  3.90, 2.733338e+00, 6.250992e-01, 4.095450e-02
  3.90, 3.297891e+00, 2.136349e-01, 1.727503e-02
  3.90, 3.979081e+00, 1.234648e-01, 8.481939e-03
  3.90, 4.800937e+00, 6.534306e-02, 4.600601e-03
  3.90, 5.792571e+00, 4.654422e-02, 2.629695e-03
  3.90, 6.988963e+00, 3.722522e-02, 1.403802e-03
  3.90, 8.432578e+00, 2.789851e-02, 5.863090e-04
  3.90, 1.017431e+01, 1.517479e-02, 1.487932e-04
  3.90, 1.227566e+01, 1.147944e-03, 0.000000e+00
