# size in energy 501
1.70000e+01, -2.02195e+01
1.70140e+01, -1.99149e+01
1.70280e+01, -1.96191e+01
1.70420e+01, -1.93319e+01
1.70560e+01, -1.90530e+01
1.70700e+01, -1.87822e+01
1.70840e+01, -1.85193e+01
1.70980e+01, -1.82642e+01
1.71120e+01, -1.80165e+01
1.71260e+01, -1.77762e+01
1.71400e+01, -1.75429e+01
1.71540e+01, -1.73165e+01
1.71680e+01, -1.70968e+01
1.71820e+01, -1.68835e+01
1.71960e+01, -1.66765e+01
1.72100e+01, -1.64752e+01
1.72240e+01, -1.62797e+01
1.72380e+01, -1.60899e+01
1.72520e+01, -1.59056e+01
1.72660e+01, -1.57266e+01
1.72800e+01, -1.55529e+01
1.72940e+01, -1.53842e+01
1.73080e+01, -1.52201e+01
1.73220e+01, -1.50607e+01
1.73360e+01, -1.49058e+01
1.73500e+01, -1.47554e+01
1.73640e+01, -1.46093e+01
1.73780e+01, -1.44674e+01
1.73920e+01, -1.43296e+01
1.74060e+01, -1.41955e+01
1.74200e+01, -1.40652e+01
1.74340e+01, -1.39385e+01
1.74480e+01, -1.38155e+01
1.74620e+01, -1.36959e+01
1.74760e+01, -1.35797e+01
1.74900e+01, -1.34667e+01
1.75040e+01, -1.33569e+01
1.75180e+01, -1.32501e+01
1.75320e+01, -1.31462e+01
1.75460e+01, -1.30452e+01
1.75600e+01, -1.29471e+01
1.75740e+01, -1.28517e+01
1.75880e+01, -1.27590e+01
1.76020e+01, -1.26688e+01
1.76160e+01, -1.25810e+01
1.76300e+01, -1.24956e+01
1.76440e+01, -1.24126e+01
1.76580e+01, -1.23318e+01
1.76720e+01, -1.22533e+01
1.76860e+01, -1.21770e+01
1.77000e+01, -1.21027e+01
1.77140e+01, -1.20304e+01
1.77280e+01, -1.19601e+01
1.77420e+01, -1.18916e+01
1.77560e+01, -1.18251e+01
1.77700e+01, -1.17603e+01
1.77840e+01, -1.16973e+01
1.77980e+01, -1.16361e+01
1.78120e+01, -1.15764e+01
1.78260e+01, -1.15183e+01
1.78400e+01, -1.14617e+01
1.78540e+01, -1.14067e+01
1.78680e+01, -1.13532e+01
1.78820e+01, -1.13012e+01
1.78960e+01, -1.12505e+01
1.79100e+01, -1.12011e+01
1.79240e+01, -1.11531e+01
1.79380e+01, -1.11063e+01
1.79520e+01, -1.10608e+01
1.79660e+01, -1.10165e+01
1.79800e+01, -1.09733e+01
1.79940e+01, -1.09314e+01
1.80080e+01, -1.08905e+01
1.80220e+01, -1.08507e+01
1.80360e+01, -1.08119e+01
1.80500e+01, -1.07742e+01
1.80640e+01, -1.07375e+01
1.80780e+01, -1.07017e+01
1.80920e+01, -1.06669e+01
1.81060e+01, -1.06330e+01
1.81200e+01, -1.06000e+01
1.81340e+01, -1.05679e+01
1.81480e+01, -1.05366e+01
1.81620e+01, -1.05062e+01
1.81760e+01, -1.04765e+01
1.81900e+01, -1.04477e+01
1.82040e+01, -1.04196e+01
1.82180e+01, -1.03922e+01
1.82320e+01, -1.03656e+01
1.82460e+01, -1.03396e+01
1.82600e+01, -1.03144e+01
1.82740e+01, -1.02899e+01
1.82880e+01, -1.02660e+01
1.83020e+01, -1.02427e+01
1.83160e+01, -1.02200e+01
1.83300e+01, -1.01980e+01
1.83440e+01, -1.01765e+01
1.83580e+01, -1.01557e+01
1.83720e+01, -1.01354e+01
1.83860e+01, -1.01156e+01
1.84000e+01, -1.00964e+01
1.84140e+01, -1.00777e+01
1.84280e+01, -1.00595e+01
1.84420e+01, -1.00419e+01
1.84560e+01, -1.00247e+01
1.84700e+01, -1.00079e+01
1.84840e+01, -9.99170e+00
1.84980e+01, -9.97591e+00
1.85120e+01, -9.96055e+00
1.85260e+01, -9.94562e+00
1.85400e+01, -9.93112e+00
1.85540e+01, -9.91703e+00
1.85680e+01, -9.90335e+00
1.85820e+01, -9.89007e+00
1.85960e+01, -9.87718e+00
1.86100e+01, -9.86466e+00
1.86240e+01, -9.85251e+00
1.86380e+01, -9.84071e+00
1.86520e+01, -9.82928e+00
1.86660e+01, -9.81819e+00
1.86800e+01, -9.80744e+00
1.86940e+01, -9.79702e+00
1.87080e+01, -9.78693e+00
1.87220e+01, -9.77714e+00
1.87360e+01, -9.76767e+00
1.87500e+01, -9.75850e+00
1.87640e+01, -9.74963e+00
1.87780e+01, -9.74105e+00
1.87920e+01, -9.73276e+00
1.88060e+01, -9.72475e+00
1.88200e+01, -9.71700e+00
1.88340e+01, -9.70952e+00
1.88480e+01, -9.70231e+00
1.88620e+01, -9.69535e+00
1.88760e+01, -9.68865e+00
1.88900e+01, -9.68219e+00
1.89040e+01, -9.67598e+00
1.89180e+01, -9.66999e+00
1.89320e+01, -9.66424e+00
1.89460e+01, -9.65872e+00
1.89600e+01, -9.65341e+00
1.89740e+01, -9.64834e+00
1.89880e+01, -9.64347e+00
1.90020e+01, -9.63882e+00
1.90160e+01, -9.63437e+00
1.90300e+01, -9.63012e+00
1.90440e+01, -9.62607e+00
1.90580e+01, -9.62222e+00
1.90720e+01, -9.61856e+00
1.90860e+01, -9.61509e+00
1.91000e+01, -9.61180e+00
1.91140e+01, -9.60869e+00
1.91280e+01, -9.60576e+00
1.91420e+01, -9.60300e+00
1.91560e+01, -9.60041e+00
1.91700e+01, -9.59800e+00
1.91840e+01, -9.59574e+00
1.91980e+01, -9.59366e+00
1.92120e+01, -9.59172e+00
1.92260e+01, -9.58995e+00
1.92400e+01, -9.58833e+00
1.92540e+01, -9.58686e+00
1.92680e+01, -9.58554e+00
1.92820e+01, -9.58436e+00
1.92960e+01, -9.58333e+00
1.93100e+01, -9.58243e+00
1.93240e+01, -9.58167e+00
1.93380e+01, -9.58105e+00
1.93520e+01, -9.58056e+00
1.93660e+01, -9.58020e+00
1.93800e+01, -9.57997e+00
1.93940e+01, -9.57987e+00
1.94080e+01, -9.57990e+00
1.94220e+01, -9.58005e+00
1.94360e+01, -9.58032e+00
1.94500e+01, -9.58071e+00
1.94640e+01, -9.58122e+00
1.94780e+01, -9.58185e+00
1.94920e+01, -9.58259e+00
1.95060e+01, -9.58344e+00
1.95200e+01, -9.58439e+00
1.95340e+01, -9.58546e+00
1.95480e+01, -9.58663e+00
1.95620e+01, -9.58791e+00
1.95760e+01, -9.58929e+00
1.95900e+01, -9.59077e+00
1.96040e+01, -9.59235e+00
1.96180e+01, -9.59403e+00
1.96320e+01, -9.59581e+00
1.96460e+01, -9.59769e+00
1.96600e+01, -9.59966e+00
1.96740e+01, -9.60172e+00
1.96880e+01, -9.60388e+00
1.97020e+01, -9.60613e+00
1.97160e+01, -9.60846e+00
1.97300e+01, -9.61089e+00
1.97440e+01, -9.61340e+00
1.97580e+01, -9.61600e+00
1.97720e+01, -9.61869e+00
1.97860e+01, -9.62145e+00
1.98000e+01, -9.62430e+00
1.98140e+01, -9.62722e+00
1.98280e+01, -9.63023e+00
1.98420e+01, -9.63331e+00
1.98560e+01, -9.63646e+00
1.98700e+01, -9.63970e+00
1.98840e+01, -9.64301e+00
1.98980e+01, -9.64639e+00
1.99120e+01, -9.64985e+00
1.99260e+01, -9.65338e+00
1.99400e+01, -9.65699e+00
1.99540e+01, -9.66066e+00
1.99680e+01, -9.66441e+00
1.99820e+01, -9.66822e+00
1.99960e+01, -9.67210e+00
2.00100e+01, -9.67604e+00
2.00240e+01, -9.68005e+00
2.00380e+01, -9.68413e+00
2.00520e+01, -9.68827e+00
2.00660e+01, -9.69247e+00
2.00800e+01, -9.69673e+00
2.00940e+01, -9.70106e+00
2.01080e+01, -9.70544e+00
2.01220e+01, -9.70989e+00
2.01360e+01, -9.71440e+00
2.01500e+01, -9.71896e+00
2.01640e+01, -9.72359e+00
2.01780e+01, -9.72827e+00
2.01920e+01, -9.73301e+00
2.02060e+01, -9.73780e+00
2.02200e+01, -9.74265e+00
2.02340e+01, -9.74755e+00
2.02480e+01, -9.75251e+00
2.02620e+01, -9.75752e+00
2.02760e+01, -9.76259e+00
2.02900e+01, -9.76770e+00
2.03040e+01, -9.77287e+00
2.03180e+01, -9.77809e+00
2.03320e+01, -9.78336e+00
2.03460e+01, -9.78867e+00
2.03600e+01, -9.79404e+00
2.03740e+01, -9.79945e+00
2.03880e+01, -9.80491e+00
2.04020e+01, -9.81042e+00
2.04160e+01, -9.81597e+00
2.04300e+01, -9.82158e+00
2.04440e+01, -9.82722e+00
2.04580e+01, -9.83291e+00
2.04720e+01, -9.83865e+00
2.04860e+01, -9.84443e+00
2.05000e+01, -9.85025e+00
2.05140e+01, -9.85612e+00
2.05280e+01, -9.86203e+00
2.05420e+01, -9.86798e+00
2.05560e+01, -9.87397e+00
2.05700e+01, -9.88001e+00
2.05840e+01, -9.88608e+00
2.05980e+01, -9.89219e+00
2.06120e+01, -9.89834e+00
2.06260e+01, -9.90453e+00
2.06400e+01, -9.91076e+00
2.06540e+01, -9.91703e+00
2.06680e+01, -9.92333e+00
2.06820e+01, -9.92967e+00
2.06960e+01, -9.93605e+00
2.07100e+01, -9.94246e+00
2.07240e+01, -9.94891e+00
2.07380e+01, -9.95540e+00
2.07520e+01, -9.96192e+00
2.07660e+01, -9.96848e+00
2.07800e+01, -9.97507e+00
2.07940e+01, -9.98169e+00
2.08080e+01, -9.98835e+00
2.08220e+01, -9.99504e+00
2.08360e+01, -1.00018e+01
2.08500e+01, -1.00085e+01
2.08640e+01, -1.00153e+01
2.08780e+01, -1.00221e+01
2.08920e+01, -1.00290e+01
2.09060e+01, -1.00359e+01
2.09200e+01, -1.00428e+01
2.09340e+01, -1.00497e+01
2.09480e+01, -1.00567e+01
2.09620e+01, -1.00637e+01
2.09760e+01, -1.00707e+01
2.09900e+01, -1.00778e+01
2.10040e+01, -1.00849e+01
2.10180e+01, -1.00920e+01
2.10320e+01, -1.00992e+01
2.10460e+01, -1.01063e+01
2.10600e+01, -1.01135e+01
2.10740e+01, -1.01208e+01
2.10880e+01, -1.01280e+01
2.11020e+01, -1.01353e+01
2.11160e+01, -1.01426e+01
2.11300e+01, -1.01499e+01
2.11440e+01, -1.01573e+01
2.11580e+01, -1.01647e+01
2.11720e+01, -1.01721e+01
2.11860e+01, -1.01795e+01
2.12000e+01, -1.01870e+01
2.12140e+01, -1.01945e+01
2.12280e+01, -1.02020e+01
2.12420e+01, -1.02095e+01
2.12560e+01, -1.02171e+01
2.12700e+01, -1.02246e+01
2.12840e+01, -1.02322e+01
2.12980e+01, -1.02399e+01
2.13120e+01, -1.02475e+01
2.13260e+01, -1.02552e+01
2.13400e+01, -1.02629e+01
2.13540e+01, -1.02706e+01
2.13680e+01, -1.02783e+01
2.13820e+01, -1.02860e+01
2.13960e+01, -1.02938e+01
2.14100e+01, -1.03016e+01
2.14240e+01, -1.03094e+01
2.14380e+01, -1.03173e+01
2.14520e+01, -1.03251e+01
2.14660e+01, -1.03330e+01
2.14800e+01, -1.03409e+01
2.14940e+01, -1.03488e+01
2.15080e+01, -1.03567e+01
2.15220e+01, -1.03647e+01
2.15360e+01, -1.03726e+01
2.15500e+01, -1.03806e+01
2.15640e+01, -1.03886e+01
2.15780e+01, -1.03967e+01
2.15920e+01, -1.04047e+01
2.16060e+01, -1.04128e+01
2.16200e+01, -1.04208e+01
2.16340e+01, -1.04289e+01
2.16480e+01, -1.04370e+01
2.16620e+01, -1.04452e+01
2.16760e+01, -1.04533e+01
2.16900e+01, -1.04615e+01
2.17040e+01, -1.04697e+01
2.17180e+01, -1.04779e+01
2.17320e+01, -1.04861e+01
2.17460e+01, -1.04943e+01
2.17600e+01, -1.05025e+01
2.17740e+01, -1.05108e+01
2.17880e+01, -1.05191e+01
2.18020e+01, -1.05274e+01
2.18160e+01, -1.05357e+01
2.18300e+01, -1.05440e+01
2.18440e+01, -1.05523e+01
2.18580e+01, -1.05607e+01
2.18720e+01, -1.05690e+01
2.18860e+01, -1.05774e+01
2.19000e+01, -1.05858e+01
2.19140e+01, -1.05942e+01
2.19280e+01, -1.06026e+01
2.19420e+01, -1.06110e+01
2.19560e+01, -1.06195e+01
2.19700e+01, -1.06279e+01
2.19840e+01, -1.06364e+01
2.19980e+01, -1.06449e+01
2.20120e+01, -1.06534e+01
2.20260e+01, -1.06619e+01
2.20400e+01, -1.06704e+01
2.20540e+01, -1.06790e+01
2.20680e+01, -1.06875e+01
2.20820e+01, -1.06961e+01
2.20960e+01, -1.07046e+01
2.21100e+01, -1.07132e+01
2.21240e+01, -1.07218e+01
2.21380e+01, -1.07304e+01
2.21520e+01, -1.07390e+01
2.21660e+01, -1.07477e+01
2.21800e+01, -1.07563e+01
2.21940e+01, -1.07650e+01
2.22080e+01, -1.07736e+01
2.22220e+01, -1.07823e+01
2.22360e+01, -1.07910e+01
2.22500e+01, -1.07997e+01
2.22640e+01, -1.08084e+01
2.22780e+01, -1.08171e+01
2.22920e+01, -1.08258e+01
2.23060e+01, -1.08345e+01
2.23200e+01, -1.08433e+01
2.23340e+01, -1.08520e+01
2.23480e+01, -1.08608e+01
2.23620e+01, -1.08696e+01
2.23760e+01, -1.08784e+01
2.23900e+01, -1.08871e+01
2.24040e+01, -1.08959e+01
2.24180e+01, -1.09048e+01
2.24320e+01, -1.09136e+01
2.24460e+01, -1.09224e+01
2.24600e+01, -1.09312e+01
2.24740e+01, -1.09401e+01
2.24880e+01, -1.09489e+01
2.25020e+01, -1.09578e+01
2.25160e+01, -1.09666e+01
2.25300e+01, -1.09755e+01
2.25440e+01, -1.09844e+01
2.25580e+01, -1.09932e+01
2.25720e+01, -1.10021e+01
2.25860e+01, -1.10110e+01
2.26000e+01, -1.10199e+01
2.26140e+01, -1.10288e+01
2.26280e+01, -1.10378e+01
2.26420e+01, -1.10467e+01
2.26560e+01, -1.10556e+01
2.26700e+01, -1.10645e+01
2.26840e+01, -1.10735e+01
2.26980e+01, -1.10824e+01
2.27120e+01, -1.10914e+01
2.27260e+01, -1.11003e+01
2.27400e+01, -1.11093e+01
2.27540e+01, -1.11182e+01
2.27680e+01, -1.11272e+01
2.27820e+01, -1.11361e+01
2.27960e+01, -1.11451e+01
2.28100e+01, -1.11541e+01
2.28240e+01, -1.11631e+01
2.28380e+01, -1.11721e+01
2.28520e+01, -1.11810e+01
2.28660e+01, -1.11900e+01
2.28800e+01, -1.11990e+01
2.28940e+01, -1.12080e+01
2.29080e+01, -1.12170e+01
2.29220e+01, -1.12260e+01
2.29360e+01, -1.12350e+01
2.29500e+01, -1.12440e+01
2.29640e+01, -1.12530e+01
2.29780e+01, -1.12620e+01
2.29920e+01, -1.12710e+01
2.30060e+01, -1.12800e+01
2.30200e+01, -1.12891e+01
2.30340e+01, -1.12981e+01
2.30480e+01, -1.13071e+01
2.30620e+01, -1.13161e+01
2.30760e+01, -1.13251e+01
2.30900e+01, -1.13341e+01
2.31040e+01, -1.13431e+01
2.31180e+01, -1.13521e+01
2.31320e+01, -1.13612e+01
2.31460e+01, -1.13702e+01
2.31600e+01, -1.13792e+01
2.31740e+01, -1.13882e+01
2.31880e+01, -1.13972e+01
2.32020e+01, -1.14062e+01
2.32160e+01, -1.14152e+01
2.32300e+01, -1.14242e+01
2.32440e+01, -1.14332e+01
2.32580e+01, -1.14422e+01
2.32720e+01, -1.14512e+01
2.32860e+01, -1.14602e+01
2.33000e+01, -1.14692e+01
2.33140e+01, -1.14782e+01
2.33280e+01, -1.14872e+01
2.33420e+01, -1.14962e+01
2.33560e+01, -1.15052e+01
2.33700e+01, -1.15142e+01
2.33840e+01, -1.15231e+01
2.33980e+01, -1.15321e+01
2.34120e+01, -1.15411e+01
2.34260e+01, -1.15501e+01
2.34400e+01, -1.15590e+01
2.34540e+01, -1.15680e+01
2.34680e+01, -1.15769e+01
2.34820e+01, -1.15859e+01
2.34960e+01, -1.15948e+01
2.35100e+01, -1.16038e+01
2.35240e+01, -1.16127e+01
2.35380e+01, -1.16217e+01
2.35520e+01, -1.16306e+01
2.35660e+01, -1.16395e+01
2.35800e+01, -1.16484e+01
2.35940e+01, -1.16573e+01
2.36080e+01, -1.16662e+01
2.36220e+01, -1.16751e+01
2.36360e+01, -1.16840e+01
2.36500e+01, -1.16929e+01
2.36640e+01, -1.17018e+01
2.36780e+01, -1.17106e+01
2.36920e+01, -1.17195e+01
2.37060e+01, -1.17284e+01
2.37200e+01, -1.17372e+01
2.37340e+01, -1.17460e+01
2.37480e+01, -1.17549e+01
2.37620e+01, -1.17637e+01
2.37760e+01, -1.17725e+01
2.37900e+01, -1.17813e+01
2.38040e+01, -1.17901e+01
2.38180e+01, -1.17989e+01
2.38320e+01, -1.18077e+01
2.38460e+01, -1.18165e+01
2.38600e+01, -1.18252e+01
2.38740e+01, -1.18340e+01
2.38880e+01, -1.18427e+01
2.39020e+01, -1.18515e+01
2.39160e+01, -1.18602e+01
2.39300e+01, -1.18689e+01
2.39440e+01, -1.18776e+01
2.39580e+01, -1.18863e+01
2.39720e+01, -1.18950e+01
2.39860e+01, -1.19037e+01
2.40000e+01, -1.19123e+01
